%%MatrixMarket matrix coordinate real general
%-------------------------------------------------------------------------------
% UF Sparse Matrix Collection, Tim Davis
% http://www.cise.ufl.edu/research/sparse/matrices/HB/watt_2
% name: HB/watt_2
% [UNSYMMETRIC MATRIX FROM JOHN SOMERVILLE, HERIOT-WATT. DEC,1983        H]
% id: 259
% date: 1983
% author: J. Somerville
% ed: I. Duff, R. Grimes, J. Lewis
% fields: title A name id date author ed kind
% kind: computational fluid dynamics problem
%-------------------------------------------------------------------------------
1856 1856 11550
1 1 5.89504e-8
2 1 -1
3 1 -1
4 1 -1
5 1 -1
6 1 -1
7 1 -1
8 1 -1
9 1 -1
10 1 -1
11 1 -1
12 1 -1
13 1 -1
14 1 -1
15 1 -1
16 1 -1
17 1 -1
18 1 -1
19 1 -1
20 1 -1
21 1 -1
22 1 -1
23 1 -1
24 1 -1
25 1 -1
26 1 -1
27 1 -1
28 1 -1
29 1 -1
30 1 -1
31 1 -1
32 1 -1
33 1 -1
34 1 -1
35 1 -1
36 1 -1
37 1 -1
38 1 -1
39 1 -1
40 1 -1
41 1 -1
42 1 -1
43 1 -1
44 1 -1
45 1 -1
46 1 -1
47 1 -1
48 1 -1
49 1 -1
50 1 -1
51 1 -1
52 1 -1
53 1 -1
54 1 -1
55 1 -1
56 1 -1
57 1 -1
58 1 -1
59 1 -1
60 1 -1
61 1 -1
62 1 -1
63 1 -1
64 1 -1
65 1 5.89504e-8
1 2 2.31454e-8
2 2 1
66 2 2.31454e-8
1 3 3.9748e-10
3 3 1
67 3 3.9748e-10
1 4 1.07768e-11
4 4 1
68 4 1.07768e-11
1 5 3.10326e-8
5 5 1
69 5 3.10326e-8
1 6 8.40358e-9
6 6 1
70 6 8.40358e-9
1 7 2.74074e-8
7 7 1
71 7 2.74074e-8
1 8 6.43834e-8
8 8 1
72 8 6.43834e-8
1 9 3.11791e-8
9 9 1
73 9 3.11791e-8
1 10 2.27266e-14
10 10 1
74 10 2.27266e-14
1 11 1.39223e-8
11 11 1
75 11 1.39223e-8
1 12 1.61635e-8
12 12 1
76 12 1.61635e-8
1 13 2.21612e-8
13 13 1
77 13 2.21612e-8
1 14 4.6886e-12
14 14 1
78 14 4.6886e-12
1 15 2.65282e-11
15 15 1
79 15 2.65282e-11
1 16 3.10542e-8
16 16 1
80 16 3.10542e-8
1 17 1.6633e-8
17 17 1
81 17 1.6633e-8
1 18 1.24037e-16
18 18 1
82 18 1.24037e-16
1 19 2.76655e-8
19 19 1
83 19 2.76655e-8
1 20 1.18254e-8
20 20 1
84 20 1.18254e-8
1 21 3.93824e-8
21 21 1
85 21 3.93824e-8
1 22 6.29191e-9
22 22 1
86 22 6.29191e-9
1 23 4.50396e-8
23 23 1
87 23 4.50396e-8
1 24 1.4308e-10
24 24 1
88 24 1.4308e-10
1 25 7.79983e-11
25 25 1
89 25 7.79983e-11
1 26 1.10915e-13
26 26 1
90 26 1.10915e-13
1 27 2.83161e-15
27 27 1
91 27 2.83161e-15
1 28 1.93426e-9
28 28 1
92 28 1.93426e-9
1 29 3.00711e-8
29 29 1
93 29 3.00711e-8
1 30 1.74019e-11
30 30 1
94 30 1.74019e-11
1 31 1.17065e-10
31 31 1
95 31 1.17065e-10
1 32 3.10437e-13
32 32 1
96 32 3.10437e-13
1 33 4.22531e-8
33 33 1
97 33 4.22531e-8
1 34 2.8297e-8
34 34 1
98 34 2.8297e-8
1 35 4.80222e-10
35 35 1
99 35 4.80222e-10
1 36 1.61115e-8
36 36 1
100 36 1.61115e-8
1 37 1.78772e-8
37 37 1
101 37 1.78772e-8
1 38 1.35404e-10
38 38 1
102 38 1.35404e-10
1 39 2.48178e-8
39 39 1
103 39 2.48178e-8
1 40 4.41663e-8
40 40 1
104 40 4.41663e-8
1 41 1.84659e-8
41 41 1
105 41 1.84659e-8
1 42 5.31545e-8
42 42 1
106 42 5.31545e-8
1 43 1.69646e-8
43 43 1
107 43 1.69646e-8
1 44 5.36734e-8
44 44 1
108 44 5.36734e-8
1 45 4.81603e-8
45 45 1
109 45 4.81603e-8
1 46 3.67726e-10
46 46 1
110 46 3.67726e-10
1 47 2.34601e-10
47 47 1
111 47 2.34601e-10
1 48 7.99523e-8
48 48 1
112 48 7.99523e-8
1 49 1.21838e-7
49 49 1
113 49 1.21838e-7
1 50 1.07714e-10
50 50 1
114 50 1.07714e-10
1 51 8.62673e-10
51 51 1
115 51 8.62673e-10
1 52 1.95747e-13
52 52 1
116 52 1.95747e-13
1 53 3.385e-8
53 53 1
117 53 3.385e-8
1 54 2.99302e-8
54 54 1
118 54 2.99302e-8
1 55 2.3459e-8
55 55 1
119 55 2.3459e-8
1 56 2.12876e-8
56 56 1
120 56 2.12876e-8
1 57 2.66736e-8
57 57 1
121 57 2.66736e-8
1 58 3.59467e-8
58 58 1
122 58 3.59467e-8
1 59 1.60823e-8
59 59 1
123 59 1.60823e-8
1 60 1.12928e-8
60 60 1
124 60 1.12928e-8
1 61 1.49864e-8
61 61 1
125 61 1.49864e-8
1 62 1.7261e-7
62 62 1
126 62 1.7261e-7
1 63 1.73948e-8
63 63 1
127 63 1.73948e-8
1 64 4.83066e-8
64 64 1
128 64 4.83066e-8
1 65 -5.89504e-8
65 65 -1.32453e-7
66 65 4.48459e-8
73 65 2.4054e-8
129 65 4.60237e-9
1 66 -2.31454e-8
65 66 4.48459e-8
66 66 -1.39307e-7
67 66 2.65172e-8
74 66 1.72345e-9
130 66 4.30749e-8
1 67 -3.9748e-10
66 67 2.65172e-8
67 67 -1.00281e-7
68 67 3.11976e-8
75 67 3.97327e-8
131 67 2.43619e-9
1 68 -1.07768e-11
67 68 3.11976e-8
68 68 -6.77378e-8
69 68 5.91031e-9
76 68 2.49003e-16
132 68 3.0619e-8
1 69 -3.10326e-8
68 69 5.91031e-9
69 69 -8.24241e-8
70 69 2.53493e-8
77 69 5.45625e-13
133 69 2.01313e-8
1 70 -8.40358e-9
69 70 2.53493e-8
70 70 -1.46475e-7
71 70 6.3392e-8
78 70 3.14029e-8
134 70 1.79274e-8
1 71 -2.74074e-8
70 71 6.3392e-8
71 71 -3.51139e-7
72 71 4.10402e-8
79 71 2.16109e-7
135 71 3.19037e-9
1 72 -6.43834e-8
71 72 4.10402e-8
72 72 -1.05462e-7
80 72 3.79865e-11
136 72 8.62572e-13
1 73 -3.11791e-8
65 73 2.4054e-8
73 73 -2.55172e-7
74 73 2.85264e-8
81 73 1.38707e-7
137 73 3.27056e-8
1 74 -2.27266e-14
66 74 1.72345e-9
73 74 2.85264e-8
74 74 -1.60578e-7
75 74 2.87701e-8
82 74 5.3863e-8
138 74 4.76953e-8
1 75 -1.39223e-8
67 75 3.97327e-8
74 75 2.87701e-8
75 75 -2.17927e-7
76 75 7.82487e-8
83 75 3.11098e-8
139 75 2.61431e-8
1 76 -1.61635e-8
68 76 2.49003e-16
75 76 7.82487e-8
76 76 -1.52617e-7
77 76 3.78057e-8
84 76 1.67378e-9
140 76 1.87258e-8
1 77 -2.21612e-8
69 77 5.45625e-13
76 77 3.78057e-8
77 77 -3.33342e-7
78 77 1.99301e-7
85 77 5.38163e-8
141 77 2.02581e-8
1 78 -4.6886e-12
70 78 3.14029e-8
77 78 1.99301e-7
78 78 -2.90703e-7
79 78 2.50616e-9
86 78 4.54378e-8
142 78 1.2051e-8
1 79 -2.65282e-11
71 79 2.16109e-7
78 79 2.50616e-9
79 79 -3.05489e-7
80 79 3.72052e-8
87 79 3.08743e-8
143 79 1.87677e-8
1 80 -3.10542e-8
72 80 3.79865e-11
79 80 3.72052e-8
80 80 -1.23952e-7
88 80 4.49778e-8
144 80 1.06768e-8
1 81 -1.6633e-8
73 81 1.38707e-7
81 81 -1.96829e-7
82 81 1.46304e-8
89 81 5.96361e-11
145 81 2.67996e-8
1 82 -1.24037e-16
74 82 5.3863e-8
81 82 1.46304e-8
82 82 -7.93769e-8
83 82 3.86127e-9
90 82 7.02173e-9
146 82 4.96754e-13
1 83 -2.76655e-8
75 83 3.11098e-8
82 83 3.86127e-9
83 83 -1.51452e-7
84 83 2.67328e-8
91 83 3.05514e-8
147 83 3.15314e-8
1 84 -1.18254e-8
76 84 1.67378e-9
83 84 2.67328e-8
84 84 -9.51414e-8
85 84 1.5853e-8
92 84 1.63389e-8
148 84 2.27174e-8
1 85 -3.93824e-8
77 85 5.38163e-8
84 85 1.5853e-8
85 85 -2.1738e-7
86 85 2.60215e-8
93 85 3.12435e-8
149 85 5.10636e-8
1 86 -6.29191e-9
78 86 4.54378e-8
85 86 2.60215e-8
86 86 -1.4596e-7
87 86 9.28657e-9
94 86 2.98877e-8
150 86 2.90346e-8
1 87 -4.50396e-8
79 87 3.08743e-8
86 87 9.28657e-9
87 87 -1.29267e-7
88 87 8.12609e-11
95 87 2.28103e-8
151 87 2.11748e-8
1 88 -1.4308e-10
80 88 4.49778e-8
87 88 8.12609e-11
88 88 -8.06202e-8
96 88 5.19377e-9
152 88 3.02243e-8
1 89 -7.79983e-11
81 89 5.96361e-11
89 89 -4.89116e-8
90 89 3.31424e-8
97 89 1.10166e-8
153 89 4.61486e-9
1 90 -1.10915e-13
82 90 7.02173e-9
89 90 3.31424e-8
90 90 -2.26283e-7
91 90 1.64391e-7
98 90 1.15362e-8
154 90 1.01907e-8
1 91 -2.83161e-15
83 91 3.05514e-8
90 91 1.64391e-7
91 91 -2.68187e-7
92 91 2.70141e-8
99 91 3.06561e-9
155 91 4.31644e-8
1 92 -1.93426e-9
84 92 1.63389e-8
91 92 2.70141e-8
92 92 -1.9165e-7
93 92 2.804e-8
100 92 8.90709e-8
156 92 2.92523e-8
1 93 -3.00711e-8
85 93 3.12435e-8
92 93 2.804e-8
93 93 -1.28355e-7
94 93 1.09468e-8
101 93 1.26659e-12
157 93 2.80528e-8
1 94 -1.74019e-11
86 94 2.98877e-8
93 94 1.09468e-8
94 94 -1.07958e-7
95 94 3.79641e-8
102 94 6.82574e-9
158 94 2.23165e-8
1 95 -1.17065e-10
87 95 2.28103e-8
94 95 3.79641e-8
95 95 -1.05979e-7
96 95 4.27416e-8
103 95 2.27264e-9
159 95 7.36104e-11
1 96 -3.10437e-13
88 96 5.19377e-9
95 96 4.27416e-8
96 96 -9.07806e-8
104 96 1.16358e-8
160 96 3.1209e-8
1 97 -4.22531e-8
89 97 1.10166e-8
97 97 -1.0829e-7
98 97 4.2653e-8
105 97 7.9413e-9
161 97 4.42626e-9
1 98 -2.8297e-8
90 98 1.15362e-8
97 98 4.2653e-8
98 98 -1.56692e-7
99 98 4.26587e-8
106 98 2.74921e-8
162 98 4.05521e-9
1 99 -4.80222e-10
91 99 3.06561e-9
98 99 4.26587e-8
99 99 -1.29117e-7
100 99 2.74751e-8
107 99 2.75944e-8
163 99 2.78431e-8
1 100 -1.61115e-8
92 100 8.90709e-8
99 100 2.74751e-8
100 100 -3.49596e-7
101 100 1.31869e-7
108 100 6.09214e-8
164 100 2.41477e-8
1 101 -1.78772e-8
93 101 1.26659e-12
100 101 1.31869e-7
101 101 -2.41703e-7
102 101 3.2274e-8
109 101 3.09248e-8
165 101 2.87569e-8
1 102 -1.35404e-10
94 102 6.82574e-9
101 102 3.2274e-8
102 102 -1.19955e-7
103 102 1.4075e-8
110 102 3.77841e-8
166 102 2.88608e-8
1 103 -2.48178e-8
95 103 2.27264e-9
102 103 1.4075e-8
103 103 -1.19528e-7
104 103 1.24266e-8
111 103 5.61216e-8
167 103 9.81392e-9
1 104 -4.41663e-8
96 104 1.16358e-8
103 104 1.24266e-8
104 104 -1.23664e-7
112 104 5.26361e-8
168 104 2.79903e-9
1 105 -1.84659e-8
97 105 7.9413e-9
105 105 -6.34341e-8
106 105 1.00758e-8
113 105 7.89727e-9
169 105 1.90538e-8
1 106 -5.31545e-8
98 106 2.74921e-8
105 106 1.00758e-8
106 106 -1.45289e-7
107 106 1.09679e-8
114 106 2.04322e-8
170 106 2.31668e-8
1 107 -1.69646e-8
99 107 2.75944e-8
106 107 1.09679e-8
107 107 -1.03727e-7
108 107 1.9385e-8
115 107 1.55987e-9
171 107 2.72548e-8
1 108 -5.36734e-8
100 108 6.09214e-8
107 108 1.9385e-8
108 108 -1.86269e-7
109 108 8.14846e-9
116 108 3.08684e-8
172 108 1.32726e-8
1 109 -4.81603e-8
101 109 3.09248e-8
108 109 8.14846e-9
109 109 -1.48125e-7
110 109 3.44487e-9
117 109 2.71836e-8
173 109 3.02633e-8
1 110 -3.67726e-10
102 110 3.77841e-8
109 110 3.44487e-9
110 110 -8.43283e-8
111 110 1.08902e-8
118 110 3.17044e-8
174 110 1.36971e-10
1 111 -2.34601e-10
103 111 5.61216e-8
110 111 1.08902e-8
111 111 -1.16137e-7
112 111 9.13057e-10
119 111 1.63611e-8
175 111 3.16163e-8
1 112 -7.99523e-8
104 112 5.26361e-8
111 112 9.13057e-10
112 112 -3.07063e-7
120 112 2.38989e-8
176 112 1.49663e-7
1 113 -1.21838e-7
105 113 7.89727e-9
113 113 -2.13747e-7
114 113 2.56014e-8
121 113 5.01962e-9
177 113 5.339e-8
1 114 -1.07714e-10
106 114 2.04322e-8
113 114 2.56014e-8
114 114 -2.17416e-7
115 114 1.43882e-7
122 114 2.25083e-8
178 114 4.88475e-9
1 115 -8.62673e-10
107 115 1.55987e-9
114 115 1.43882e-7
115 115 -1.95677e-7
116 115 2.66803e-8
123 115 1.70816e-14
179 115 2.26922e-8
1 116 -1.95747e-13
108 116 3.08684e-8
115 116 2.66803e-8
116 116 -1.47908e-7
117 116 3.18667e-8
124 116 2.41297e-8
180 116 3.43627e-8
1 117 -3.385e-8
109 117 2.71836e-8
116 117 3.18667e-8
117 117 -1.61412e-7
118 117 1.88822e-8
125 117 2.48788e-8
181 117 2.47512e-8
1 118 -2.99302e-8
110 118 3.17044e-8
117 118 1.88822e-8
118 118 -1.83869e-7
119 118 4.77428e-8
126 118 2.79713e-8
182 118 2.76386e-8
1 119 -2.3459e-8
111 119 1.63611e-8
118 119 4.77428e-8
119 119 -1.26326e-7
120 119 1.54087e-8
127 119 2.32305e-8
183 119 1.24151e-10
1 120 -2.12876e-8
112 120 2.38989e-8
119 120 1.54087e-8
120 120 -9.14438e-8
128 120 1.61854e-8
184 120 1.46633e-8
1 121 -2.66736e-8
113 121 5.01962e-9
121 121 -6.03873e-8
122 121 3.0225e-10
185 121 2.83917e-8
1 122 -3.59467e-8
114 122 2.25083e-8
121 122 3.0225e-10
122 122 -9.63856e-8
123 122 2.56159e-9
186 122 3.50668e-8
1 123 -1.60823e-8
115 123 1.70816e-14
122 123 2.56159e-9
123 123 -4.66393e-8
124 123 1.12551e-8
187 123 1.67403e-8
1 124 -1.12928e-8
116 124 2.41297e-8
123 124 1.12551e-8
124 124 -1.00688e-7
125 124 2.79625e-8
188 124 2.6048e-8
1 125 -1.49864e-8
117 125 2.48788e-8
124 125 2.79625e-8
125 125 -1.22113e-7
126 125 3.69358e-8
189 125 1.7349e-8
1 126 -1.7261e-7
118 126 2.79713e-8
125 126 3.69358e-8
126 126 -2.75768e-7
127 126 3.82492e-8
190 126 1.41485e-12
1 127 -1.73948e-8
119 127 2.32305e-8
126 127 3.82492e-8
127 127 -1.40836e-7
128 127 1.59226e-8
191 127 4.6039e-8
1 128 -4.83066e-8
120 128 1.61854e-8
127 128 1.59226e-8
128 128 -9.80886e-8
192 128 1.7674e-8
65 129 4.60237e-9
129 129 -2.84163e-8
130 129 1.28739e-8
137 129 1.06004e-10
193 129 1.0834e-8
66 130 4.30749e-8
129 130 1.28739e-8
130 130 -1.32078e-7
131 130 4.63341e-9
138 130 4.37872e-8
194 130 2.77085e-8
67 131 2.43619e-9
130 131 4.63341e-9
131 131 -1.04578e-7
132 131 2.87174e-8
139 131 5.18542e-8
195 131 1.69365e-8
68 132 3.0619e-8
131 132 2.87174e-8
132 132 -9.79391e-8
133 132 2.53362e-11
140 132 1.52846e-12
196 132 3.85757e-8
69 133 2.01313e-8
132 133 2.53362e-11
133 133 -1.15177e-7
134 133 5.20425e-8
141 133 1.64073e-8
197 133 2.65704e-8
70 134 1.79274e-8
133 134 5.20425e-8
134 134 -1.48132e-7
135 134 2.33186e-8
142 134 8.96369e-9
198 134 4.588e-8
71 135 3.19037e-9
134 135 2.33186e-8
135 135 -9.71302e-8
136 135 3.13354e-8
143 135 2.29753e-8
199 135 1.63104e-8
72 136 8.62572e-13
135 136 3.13354e-8
136 136 -1.62986e-7
144 136 1.0891e-7
200 136 2.27403e-8
73 137 3.27056e-8
129 137 1.06004e-10
137 137 -9.2649e-8
138 137 1.78009e-8
145 137 2.46021e-8
201 137 1.74344e-8
74 138 4.76953e-8
130 138 4.37872e-8
137 138 1.78009e-8
138 138 -2.83513e-7
139 138 1.38756e-7
146 138 5.58932e-9
202 138 2.98839e-8
75 139 2.61431e-8
131 139 5.18542e-8
138 139 1.38756e-7
139 139 -2.69866e-7
140 139 2.03972e-8
147 139 1.18372e-8
203 139 2.08776e-8
76 140 1.87258e-8
132 140 1.52846e-12
139 140 2.03972e-8
140 140 -7.86886e-8
141 140 1.47863e-8
148 140 1.4616e-8
204 140 1.01618e-8
77 141 2.02581e-8
133 141 1.64073e-8
140 141 1.47863e-8
141 141 -1.52021e-7
142 141 5.83016e-8
149 141 5.2169e-10
205 141 4.17456e-8
78 142 1.2051e-8
134 142 8.96369e-9
141 142 5.83016e-8
142 142 -2.0788e-7
143 142 1.0552e-7
150 142 1.15247e-8
206 142 1.15194e-8
79 143 1.87677e-8
135 143 2.29753e-8
142 143 1.0552e-7
143 143 -2.61664e-7
144 143 5.99127e-8
151 143 3.17283e-8
207 143 2.27601e-8
80 144 1.06768e-8
136 144 1.0891e-7
143 144 5.99127e-8
144 144 -2.3048e-7
152 144 3.16112e-8
208 144 1.93699e-8
81 145 2.67996e-8
137 145 2.46021e-8
145 145 -1.47564e-7
146 145 2.68335e-8
153 145 5.61769e-8
209 145 1.31515e-8
82 146 4.96754e-13
138 146 5.58932e-9
145 146 2.68335e-8
146 146 -1.01139e-7
147 146 3.61675e-9
154 146 4.44879e-8
210 146 2.06109e-8
83 147 3.15314e-8
139 147 1.18372e-8
146 147 3.61675e-9
147 147 -1.74104e-7
148 147 3.84583e-8
155 147 1.23627e-8
211 147 7.62982e-8
84 148 2.27174e-8
140 148 1.4616e-8
147 148 3.84583e-8
148 148 -1.56021e-7
149 148 1.11415e-8
156 148 3.18322e-8
212 148 3.72554e-8
85 149 5.10636e-8
141 149 5.2169e-10
148 149 1.11415e-8
149 149 -1.60484e-7
150 149 6.05459e-9
157 149 8.48583e-8
213 149 6.84409e-9
86 150 2.90346e-8
142 150 1.15247e-8
149 150 6.05459e-9
150 150 -1.04253e-7
151 150 2.03198e-8
158 150 5.87867e-9
214 150 3.14411e-8
87 151 2.11748e-8
143 151 3.17283e-8
150 151 2.03198e-8
151 151 -9.16329e-8
152 151 2.59402e-10
159 151 1.81503e-8
215 151 3.43818e-13
88 152 3.02243e-8
144 152 3.16112e-8
151 152 2.59402e-10
152 152 -1.069e-7
160 152 3.9137e-8
216 152 5.66824e-9
89 153 4.61486e-9
145 153 5.61769e-8
153 153 -1.5705e-7
154 153 4.21265e-8
161 153 1.65822e-8
217 153 3.75497e-8
90 154 1.01907e-8
146 154 4.44879e-8
153 154 4.21265e-8
154 154 -1.65122e-7
155 154 1.7678e-9
162 154 5.91166e-8
218 154 7.43252e-9
91 155 4.31644e-8
147 155 1.23627e-8
154 155 1.7678e-9
155 155 -1.04057e-7
156 155 2.93337e-8
163 155 1.74219e-8
219 155 6.78556e-12
92 156 2.92523e-8
148 156 3.18322e-8
155 156 2.93337e-8
156 156 -1.51361e-7
157 156 2.68911e-8
164 156 2.77846e-8
220 156 6.26726e-9
93 157 2.80528e-8
149 157 8.48583e-8
156 157 2.68911e-8
157 157 -2.81772e-7
158 157 4.51157e-8
165 157 7.65354e-8
221 157 2.03187e-8
94 158 2.23165e-8
150 158 5.87867e-9
157 158 4.51157e-8
158 158 -3.74298e-7
159 158 3.01492e-8
166 158 2.65593e-7
222 158 5.24459e-9
95 159 7.36104e-11
151 159 1.81503e-8
158 159 3.01492e-8
159 159 -1.02331e-7
160 159 4.04555e-9
167 159 1.64515e-8
223 159 3.3461e-8
96 160 3.1209e-8
152 160 3.9137e-8
159 160 4.04555e-9
160 160 -3.86009e-7
168 160 4.39735e-9
224 160 3.0722e-7
97 161 4.42626e-9
153 161 1.65822e-8
161 161 -3.13133e-7
162 161 5.42996e-9
169 161 2.85321e-7
225 161 1.37369e-9
98 162 4.05521e-9
154 162 5.91166e-8
161 162 5.42996e-9
162 162 -1.41904e-7
163 162 3.48378e-8
170 162 3.84644e-8
226 162 2.11623e-17
99 163 2.78431e-8
155 163 1.74219e-8
162 163 3.48378e-8
163 163 -3.33336e-7
164 163 2.17331e-7
171 163 2.77473e-8
227 163 8.15574e-9
100 164 2.41477e-8
156 164 2.77846e-8
163 164 2.17331e-7
164 164 -3.54876e-7
165 164 1.73134e-8
172 164 2.26216e-8
228 164 4.56785e-8
101 165 2.87569e-8
157 165 7.65354e-8
164 165 1.73134e-8
165 165 -2.72956e-7
166 165 2.78859e-9
173 165 1.45434e-7
229 165 2.12781e-9
102 166 2.88608e-8
158 166 2.65593e-7
165 166 2.78859e-9
166 166 -9.59824e-7
167 166 6.13252e-9
174 166 2.8305e-7
230 166 3.73399e-7
103 167 9.81392e-9
159 167 1.64515e-8
166 167 6.13252e-9
167 167 -9.83291e-8
168 167 9.8366e-9
175 167 4.27547e-8
231 167 1.33399e-8
104 168 2.79903e-9
160 168 4.39735e-9
167 168 9.8366e-9
168 168 -3.76531e-8
176 168 2.01546e-8
232 168 4.65558e-10
105 169 1.90538e-8
161 169 2.85321e-7
169 169 -1.02592e-6
170 169 1.55015e-8
177 169 2.78385e-7
233 169 4.27662e-7
106 170 2.31668e-8
162 170 3.84644e-8
169 170 1.55015e-8
170 170 -1.65943e-7
171 170 3.75067e-8
178 170 4.43738e-8
234 170 6.93022e-9
107 171 2.72548e-8
163 171 2.77473e-8
170 171 3.75067e-8
171 171 -1.29884e-7
172 171 2.96265e-9
179 171 3.43991e-8
235 171 1.31257e-11
108 172 1.32726e-8
164 172 2.26216e-8
171 172 2.96265e-9
172 172 -1.42517e-7
173 172 4.15864e-8
180 172 3.73185e-8
236 172 2.47548e-8
109 173 3.02633e-8
165 173 1.45434e-7
172 173 4.15864e-8
173 173 -2.83709e-7
174 173 1.68605e-8
181 173 3.03458e-8
237 173 1.92183e-8
110 174 1.36971e-10
166 174 2.8305e-7
173 174 1.68605e-8
174 174 -3.75818e-7
175 174 4.95671e-8
182 174 2.27172e-8
238 174 3.48647e-9
111 175 3.16163e-8
167 175 4.27547e-8
174 175 4.95671e-8
175 175 -1.99647e-7
176 175 4.84222e-8
183 175 2.72182e-8
239 175 6.85524e-11
112 176 1.49663e-7
168 176 2.01546e-8
175 176 4.84222e-8
176 176 -2.35483e-7
184 176 1.34687e-10
240 176 1.71088e-8
113 177 5.339e-8
169 177 2.78385e-7
177 177 -4.15205e-7
178 177 2.09939e-8
185 177 3.12244e-8
241 177 3.12113e-8
114 178 4.88475e-9
170 178 4.43738e-8
177 178 2.09939e-8
178 178 -5.64867e-7
179 178 3.15571e-8
186 178 4.47207e-7
242 178 1.58502e-8
115 179 2.26922e-8
171 179 3.43991e-8
178 179 3.15571e-8
179 179 -1.22287e-7
180 179 1.32009e-11
187 179 1.62336e-8
243 179 1.73917e-8
116 180 3.43627e-8
172 180 3.73185e-8
179 180 1.32009e-11
180 180 -1.28541e-7
181 180 4.3071e-9
188 180 8.67245e-9
244 180 4.38671e-8
117 181 2.47512e-8
173 181 3.03458e-8
180 181 4.3071e-9
181 181 -1.59995e-7
182 181 1.14232e-8
189 181 4.51542e-8
245 181 4.40135e-8
118 182 2.76386e-8
174 182 2.27172e-8
181 182 1.14232e-8
182 182 -1.03146e-7
183 182 4.51197e-11
190 182 3.34319e-8
246 182 7.89002e-9
119 183 1.24151e-10
175 183 2.72182e-8
182 183 4.51197e-11
183 183 -8.61174e-8
184 183 8.15552e-11
191 183 3.02672e-8
247 183 2.83813e-8
120 184 1.46633e-8
176 184 1.34687e-10
183 184 8.15552e-11
184 184 -1.81928e-8
192 184 2.75312e-9
248 184 5.60184e-10
121 185 2.83917e-8
177 185 3.12244e-8
185 185 -5.96179e-8
186 185 1.74061e-12
249 185 3.58054e-14
122 186 3.50668e-8
178 186 4.47207e-7
185 186 1.74061e-12
186 186 -4.95953e-7
187 186 4.55577e-9
250 186 9.12141e-9
123 187 1.67403e-8
179 187 1.62336e-8
186 187 4.55577e-9
187 187 -5.18739e-8
188 187 1.3764e-8
251 187 5.80275e-10
124 188 2.6048e-8
180 188 8.67245e-9
187 188 1.3764e-8
188 188 -6.84343e-8
189 188 1.99481e-8
252 188 1.75142e-12
125 189 1.7349e-8
181 189 4.51542e-8
188 189 1.99481e-8
189 189 -1.23494e-7
190 189 1.16128e-12
253 189 4.10416e-8
126 190 1.41485e-12
182 190 3.34319e-8
189 190 1.16128e-12
190 190 -8.23308e-8
191 190 3.78295e-8
254 190 1.10668e-8
127 191 4.6039e-8
183 191 3.02672e-8
190 191 3.78295e-8
191 191 -1.48599e-7
192 191 4.34218e-9
255 191 3.01213e-8
128 192 1.7674e-8
184 192 2.75312e-9
191 192 4.34218e-9
192 192 -2.47693e-8
256 192 1.48393e-14
129 193 1.0834e-8
193 193 -9.6831e-8
194 193 5.75203e-8
201 193 7.15756e-11
257 193 2.84051e-8
130 194 2.77085e-8
193 194 5.75203e-8
194 194 -1.3553e-7
195 194 1.93671e-8
202 194 1.0235e-8
258 194 2.06987e-8
131 195 1.69365e-8
194 195 1.93671e-8
195 195 -6.73413e-8
196 195 7.68694e-14
203 195 1.37192e-8
259 195 1.73184e-8
132 196 3.85757e-8
195 196 7.68694e-14
196 196 -7.44874e-8
197 196 6.67373e-10
204 196 7.86241e-9
260 196 2.73818e-8
133 197 2.65704e-8
196 197 6.67373e-10
197 197 -6.88065e-8
198 197 6.62431e-9
205 197 1.15142e-8
261 197 2.34302e-8
134 198 4.588e-8
197 198 6.62431e-9
198 198 -1.00965e-7
199 198 1.69189e-8
206 198 2.37042e-8
262 198 7.83739e-9
135 199 1.63104e-8
198 199 1.69189e-8
199 199 -8.84436e-8
200 199 9.9233e-12
207 199 2.76194e-8
263 199 2.7585e-8
136 200 2.27403e-8
199 200 9.9233e-12
200 200 -5.86527e-8
208 200 1.82465e-8
264 200 1.7656e-8
137 201 1.74344e-8
193 201 7.15756e-11
201 201 -5.01364e-8
202 201 1.15424e-8
209 201 1.01668e-9
265 201 2.00713e-8
138 202 2.98839e-8
194 202 1.0235e-8
201 202 1.15424e-8
202 202 -2.68451e-7
203 202 1.76857e-8
210 202 3.38616e-9
266 202 1.95717e-7
139 203 2.08776e-8
195 203 1.37192e-8
202 203 1.76857e-8
203 203 -1.05874e-7
204 203 7.38789e-9
211 203 1.63493e-8
267 203 2.98544e-8
140 204 1.01618e-8
196 204 7.86241e-9
203 204 7.38789e-9
204 204 -4.94969e-7
205 204 4.01668e-7
212 204 1.10901e-8
268 204 5.6799e-8
141 205 4.17456e-8
197 205 1.15142e-8
204 205 4.01668e-7
205 205 -4.90139e-7
206 205 5.44251e-13
213 205 2.9953e-8
269 205 5.25695e-9
142 206 1.15194e-8
198 206 2.37042e-8
205 206 5.44251e-13
206 206 -9.49719e-8
207 206 1.28293e-8
214 206 3.14894e-11
270 206 4.6887e-8
143 207 2.27601e-8
199 207 2.76194e-8
206 207 1.28293e-8
207 207 -7.56403e-8
208 207 4.86467e-11
215 207 1.15034e-11
271 207 1.23714e-8
144 208 1.93699e-8
200 208 1.82465e-8
207 208 4.86467e-11
208 208 -6.79906e-8
216 208 3.03255e-8
272 208 1.31344e-14
145 209 1.31515e-8
201 209 1.01668e-9
209 209 -6.60433e-8
210 209 2.64141e-8
217 209 3.45552e-15
273 209 2.5461e-8
146 210 2.06109e-8
202 210 3.38616e-9
209 210 2.64141e-8
210 210 -1.2825e-7
211 210 8.1119e-9
218 210 4.41967e-8
274 210 2.55307e-8
147 211 7.62982e-8
203 211 1.63493e-8
210 211 8.1119e-9
211 211 -1.59506e-7
212 211 1.98958e-8
219 211 1.18726e-8
275 211 2.69779e-8
148 212 3.72554e-8
204 212 1.10901e-8
211 212 1.98958e-8
212 212 -1.34049e-7
213 212 9.0943e-9
220 212 1.59945e-14
276 212 5.67132e-8
149 213 6.84409e-9
205 213 2.9953e-8
212 213 9.0943e-9
213 213 -8.38829e-8
214 213 1.79626e-8
221 213 2.10719e-9
277 213 1.79218e-8
150 214 3.14411e-8
206 214 3.14894e-11
213 214 1.79626e-8
214 214 -1.0725e-7
215 214 1.38394e-8
222 214 4.21392e-8
278 214 1.83603e-9
151 215 3.43818e-13
207 215 1.15034e-11
214 215 1.38394e-8
215 215 -8.74059e-8
216 215 1.56133e-8
223 215 2.8943e-8
279 215 2.89983e-8
152 216 5.66824e-9
208 216 3.03255e-8
215 216 1.56133e-8
216 216 -1.04808e-7
224 216 2.32363e-8
280 216 2.99647e-8
153 217 3.75497e-8
209 217 3.45552e-15
217 217 -1.26913e-7
218 217 3.31837e-8
225 217 2.48636e-8
281 217 3.1316e-8
154 218 7.43252e-9
210 218 4.41967e-8
217 218 3.31837e-8
218 218 -1.55972e-7
219 218 4.25262e-8
226 218 1.62543e-8
282 218 1.23788e-8
155 219 6.78556e-12
211 219 1.18726e-8
218 219 4.25262e-8
219 219 -1.11048e-7
220 219 3.10513e-8
227 219 2.55904e-8
283 219 3.58045e-13
156 220 6.26726e-9
212 220 1.59945e-14
219 220 3.10513e-8
220 220 -1.23555e-7
221 220 4.31266e-8
228 220 1.74026e-8
284 220 2.57074e-8
157 221 2.03187e-8
213 221 2.10719e-9
220 221 4.31266e-8
221 221 -1.73175e-7
222 221 4.40442e-8
229 221 3.99023e-8
285 221 2.36756e-8
158 222 5.24459e-9
214 222 4.21392e-8
221 222 4.40442e-8
222 222 -1.71894e-7
223 222 1.99948e-8
230 222 2.23679e-8
286 222 3.81031e-8
159 223 3.3461e-8
215 223 2.8943e-8
222 223 1.99948e-8
223 223 -1.38858e-7
224 223 2.12512e-8
231 223 8.84836e-10
287 223 3.43233e-8
160 224 3.0722e-7
216 224 2.32363e-8
223 224 2.12512e-8
224 224 -3.63195e-7
232 224 1.14867e-8
288 224 1.5342e-16
161 225 1.37369e-9
217 225 2.48636e-8
225 225 -7.472e-8
226 225 1.97319e-8
233 225 2.70281e-11
289 225 2.87238e-8
162 226 2.11623e-17
218 226 1.62543e-8
225 226 1.97319e-8
226 226 -1.97594e-7
227 226 1.07332e-8
234 226 1.07542e-7
290 226 4.33328e-8
163 227 8.15574e-9
219 227 2.55904e-8
226 227 1.07332e-8
227 227 -8.98751e-8
228 227 1.08486e-10
235 227 4.8681e-9
291 227 4.04192e-8
164 228 4.56785e-8
220 228 1.74026e-8
227 228 1.08486e-10
228 228 -1.44539e-7
229 228 4.25362e-8
236 228 2.8825e-8
292 228 9.98862e-9
165 229 2.12781e-9
221 229 3.99023e-8
228 229 4.25362e-8
229 229 -1.92127e-7
230 229 4.19748e-8
237 229 4.53094e-8
293 229 2.02762e-8
166 230 3.73399e-7
222 230 2.23679e-8
229 230 4.19748e-8
230 230 -4.99203e-7
231 230 3.11702e-8
238 230 1.23175e-8
294 230 1.79738e-8
167 231 1.33399e-8
223 231 8.84836e-10
230 231 3.11702e-8
231 231 -1.11076e-7
232 231 5.2805e-9
239 231 4.32085e-8
295 231 1.7192e-8
168 232 4.65558e-10
224 232 1.14867e-8
231 232 5.2805e-9
232 232 -6.60269e-8
240 232 3.81298e-8
296 232 1.06644e-8
169 233 4.27662e-7
225 233 2.70281e-11
233 233 -4.82013e-7
234 233 2.1603e-8
241 233 2.72838e-8
297 233 5.43748e-9
170 234 6.93022e-9
226 234 1.07542e-7
233 234 2.1603e-8
234 234 -1.82469e-7
235 234 2.86296e-8
242 234 1.18275e-9
298 234 1.65811e-8
171 235 1.31257e-11
227 235 4.8681e-9
234 235 2.86296e-8
235 235 -5.60165e-8
236 235 5.50029e-9
243 235 1.70052e-8
299 235 1.56714e-13
172 236 2.47548e-8
228 236 2.8825e-8
235 236 5.50029e-9
236 236 -1.5231e-7
237 236 1.0684e-8
244 236 3.15925e-8
300 236 5.09537e-8
173 237 1.92183e-8
229 237 4.53094e-8
236 237 1.0684e-8
237 237 -1.41576e-7
238 237 1.86916e-8
245 237 2.79698e-8
301 237 1.97026e-8
174 238 3.48647e-9
230 238 1.23175e-8
237 238 1.86916e-8
238 238 -7.95072e-8
239 238 4.50116e-8
246 238 1.43924e-18
302 238 9.4324e-14
175 239 6.85524e-11
231 239 4.32085e-8
238 239 4.50116e-8
239 239 -1.23817e-7
240 239 1.3498e-12
247 239 2.82401e-8
303 239 7.28666e-9
176 240 1.71088e-8
232 240 3.81298e-8
239 240 1.3498e-12
240 240 -5.52408e-8
248 240 9.01893e-13
304 240 4.09362e-14
177 241 3.12113e-8
233 241 2.72838e-8
241 241 -1.65799e-7
242 241 6.16676e-8
249 241 8.9653e-11
305 241 4.5547e-8
178 242 1.58502e-8
234 242 1.18275e-9
241 242 6.16676e-8
242 242 -1.23804e-7
243 242 1.93605e-8
250 242 1.06122e-8
306 242 1.5131e-8
179 243 1.73917e-8
235 243 1.70052e-8
242 243 1.93605e-8
243 243 -9.04817e-8
244 243 2.20447e-9
251 243 2.70444e-8
307 243 7.47537e-9
180 244 4.38671e-8
236 244 3.15925e-8
243 244 2.20447e-9
244 244 -1.37888e-7
245 244 1.81307e-8
252 244 1.04688e-8
308 244 3.16242e-8
181 245 4.40135e-8
237 245 2.79698e-8
244 245 1.81307e-8
245 245 -1.56866e-7
246 245 1.69923e-8
253 245 3.8312e-8
309 245 1.14479e-8
182 246 7.89002e-9
238 246 1.43924e-18
245 246 1.69923e-8
246 246 -3.63926e-7
247 246 7.43188e-9
254 246 4.58325e-8
310 246 2.85779e-7
183 247 2.83813e-8
239 247 2.82401e-8
246 247 7.43188e-9
247 247 -1.21412e-7
248 247 2.70799e-8
255 247 2.61631e-9
311 247 2.76621e-8
184 248 5.60184e-10
240 248 9.01893e-13
247 248 2.70799e-8
248 248 -5.95665e-8
256 248 2.73743e-8
312 248 4.55123e-9
185 249 3.58054e-14
241 249 8.9653e-11
249 249 -5.88653e-8
250 249 2.49104e-8
313 249 3.38652e-8
186 250 9.12141e-9
242 250 1.06122e-8
249 250 2.49104e-8
250 250 -5.14691e-8
251 250 2.65697e-9
314 250 4.16814e-9
187 251 5.80275e-10
243 251 2.70444e-8
250 251 2.65697e-9
251 251 -7.32762e-8
252 251 1.59291e-8
315 251 2.70654e-8
188 252 1.75142e-12
244 252 1.04688e-8
251 252 1.59291e-8
252 252 -2.69153e-8
253 252 3.39247e-14
316 252 5.15689e-10
189 253 4.10416e-8
245 253 3.8312e-8
252 253 3.39247e-14
253 253 -2.88309e-7
254 253 2.26808e-12
317 253 2.08953e-7
190 254 1.10668e-8
246 254 4.58325e-8
253 254 2.26808e-12
254 254 -8.74536e-8
255 254 6.67739e-9
318 254 2.38746e-8
191 255 3.01213e-8
247 255 2.61631e-9
254 255 6.67739e-9
255 255 -8.71008e-8
256 255 1.99129e-8
319 255 2.7773e-8
192 256 1.48393e-14
248 256 2.73743e-8
255 256 1.99129e-8
256 256 -7.11676e-8
320 256 2.38803e-8
193 257 2.84051e-8
257 257 -1.03261e-7
258 257 3.21797e-8
265 257 2.17711e-8
321 257 2.09049e-8
194 258 2.06987e-8
257 258 3.21797e-8
258 258 -1.04715e-7
259 258 4.4802e-8
266 258 7.02119e-9
322 258 1.29804e-11
195 259 1.73184e-8
258 259 4.4802e-8
259 259 -9.40889e-8
260 259 6.97539e-14
267 259 1.20368e-8
323 259 1.99315e-8
196 260 2.73818e-8
259 260 6.97539e-14
260 260 -6.42445e-8
261 260 2.32882e-9
268 260 3.12885e-8
324 260 3.24534e-9
197 261 2.34302e-8
260 261 2.32882e-9
261 261 -8.76998e-8
262 261 2.49819e-8
269 261 9.73614e-9
325 261 2.72228e-8
198 262 7.83739e-9
261 262 2.49819e-8
262 262 -7.05984e-8
263 262 1.01717e-8
270 262 2.54351e-8
326 262 2.17238e-9
199 263 2.7585e-8
262 263 1.01717e-8
263 263 -1.07615e-7
264 263 1.88116e-8
271 263 2.32431e-8
327 263 2.78037e-8
200 264 1.7656e-8
263 264 1.88116e-8
264 264 -4.43994e-8
272 264 1.8468e-9
328 264 6.08508e-9
201 265 2.00713e-8
257 265 2.17711e-8
265 265 -5.38497e-8
266 265 1.16906e-8
273 265 4.15824e-12
329 265 3.12477e-10
202 266 1.95717e-7
258 266 7.02119e-9
265 266 1.16906e-8
266 266 -2.90569e-7
267 266 4.72492e-10
274 266 3.07767e-8
330 266 4.48903e-8
203 267 2.98544e-8
259 267 1.20368e-8
266 267 4.72492e-10
267 267 -1.0392e-7
268 267 2.61268e-8
275 267 7.83079e-9
331 267 2.75983e-8
204 268 5.6799e-8
260 268 3.12885e-8
267 268 2.61268e-8
268 268 -1.3483e-7
269 268 1.43634e-8
276 268 6.07158e-9
332 268 1.8042e-10
205 269 5.25695e-9
261 269 9.73614e-9
268 269 1.43634e-8
269 269 -5.51252e-8
270 269 2.06728e-8
277 269 5.09539e-9
333 269 6.01071e-13
206 270 4.6887e-8
262 270 2.54351e-8
269 270 2.06728e-8
270 270 -1.83834e-7
271 270 3.10401e-8
278 270 3.15228e-8
334 270 2.82759e-8
207 271 1.23714e-8
263 271 2.32431e-8
270 271 3.10401e-8
271 271 -2.563e-7
272 271 2.49922e-8
279 271 1.3381e-7
335 271 3.08435e-8
208 272 1.31344e-14
264 272 1.8468e-9
271 272 2.49922e-8
272 272 -1.63606e-7
280 272 3.02077e-8
336 272 1.06559e-7
209 273 2.5461e-8
265 273 4.15824e-12
273 273 -3.68358e-8
274 273 3.76704e-11
281 273 1.1333e-8
337 273 4.13881e-17
210 274 2.55307e-8
266 274 3.07767e-8
273 274 3.76704e-11
274 274 -1.46228e-7
275 274 3.08548e-8
282 274 3.40752e-8
338 274 2.49532e-8
211 275 2.69779e-8
267 275 7.83079e-9
274 275 3.08548e-8
275 275 -1.05174e-7
276 275 8.45128e-10
283 275 1.64169e-9
339 275 3.70237e-8
212 276 5.67132e-8
268 276 6.07158e-9
275 276 8.45128e-10
276 276 -9.47869e-8
277 276 2.81785e-9
284 276 2.29127e-9
340 276 2.60479e-8
213 277 1.79218e-8
269 277 5.09539e-9
276 277 2.81785e-9
277 277 -6.78729e-8
278 277 2.35966e-9
285 277 3.17073e-8
341 277 7.97087e-9
214 278 1.83603e-9
270 278 3.15228e-8
277 278 2.35966e-9
278 278 -6.47098e-8
279 278 5.43677e-11
286 278 2.79692e-8
342 278 9.67693e-10
215 279 2.89983e-8
271 279 1.3381e-7
278 279 5.43677e-11
279 279 -1.94365e-7
280 279 3.27185e-15
287 279 2.58717e-8
343 279 5.63083e-9
216 280 2.99647e-8
272 280 3.02077e-8
279 280 3.27185e-15
280 280 -1.06137e-7
288 280 2.48996e-10
344 280 4.57161e-8
217 281 3.1316e-8
273 281 1.1333e-8
281 281 -8.14416e-8
282 281 2.77545e-8
289 281 1.06817e-8
345 281 3.56517e-10
218 282 1.23788e-8
274 282 3.40752e-8
281 282 2.77545e-8
282 282 -1.59769e-7
283 282 2.82804e-8
290 282 2.58321e-8
346 282 3.14481e-8
219 283 3.58045e-13
275 283 1.64169e-9
282 283 2.82804e-8
283 283 -9.35686e-8
284 283 1.23681e-9
291 283 3.5817e-8
347 283 2.65924e-8
220 284 2.57074e-8
276 284 2.29127e-9
283 284 1.23681e-9
284 284 -9.39385e-8
285 284 1.30944e-10
292 284 1.66776e-8
348 284 4.78944e-8
221 285 2.36756e-8
277 285 3.17073e-8
284 285 1.30944e-10
285 285 -1.48789e-7
286 285 1.67906e-8
293 285 6.56088e-8
349 285 1.0876e-8
222 286 3.81031e-8
278 286 2.79692e-8
285 286 1.67906e-8
286 286 -1.38085e-7
287 286 2.27261e-9
294 286 1.63097e-8
350 286 3.66393e-8
223 287 3.43233e-8
279 287 2.58717e-8
286 287 2.27261e-9
287 287 -9.4847e-8
288 287 9.36941e-9
295 287 7.21014e-9
351 287 1.57999e-8
224 288 1.5342e-16
280 288 2.48996e-10
287 288 9.36941e-9
288 288 -2.4599e-7
296 288 4.41699e-8
352 288 1.92202e-7
225 289 2.87238e-8
281 289 1.06817e-8
289 289 -1.88064e-7
290 289 1.11949e-7
297 289 2.28939e-8
353 289 1.38161e-8
226 290 4.33328e-8
282 290 2.58321e-8
289 290 1.11949e-7
290 290 -2.32473e-7
291 290 7.20467e-9
298 290 4.41551e-8
354 290 1.30349e-14
227 291 4.04192e-8
283 291 3.5817e-8
290 291 7.20467e-9
291 291 -4.46834e-7
292 291 2.99894e-7
299 291 1.85019e-8
355 291 4.49973e-8
228 292 9.98862e-9
284 292 1.66776e-8
291 292 2.99894e-7
292 292 -3.47801e-7
293 292 1.6982e-8
300 292 1.28554e-10
356 292 4.13012e-9
229 293 2.02762e-8
285 293 6.56088e-8
292 293 1.6982e-8
293 293 -1.80927e-7
294 293 1.29427e-8
301 293 2.42556e-8
357 293 4.08618e-8
230 294 1.79738e-8
286 294 1.63097e-8
293 294 1.29427e-8
294 294 -8.28875e-8
295 294 1.41966e-8
302 294 3.21022e-17
358 294 2.14647e-8
231 295 1.7192e-8
287 295 7.21014e-9
294 295 1.41966e-8
295 295 -1.1127e-7
296 295 2.55106e-8
303 295 2.94014e-8
359 295 1.77597e-8
232 296 1.06644e-8
288 296 4.41699e-8
295 296 2.55106e-8
296 296 -1.54847e-7
304 296 3.10117e-8
360 296 4.34906e-8
233 297 5.43748e-9
289 297 2.28939e-8
297 297 -8.54783e-8
298 297 1.62799e-9
305 297 4.54679e-12
361 297 5.55144e-8
234 298 1.65811e-8
290 298 4.41551e-8
297 298 1.62799e-9
298 298 -2.44403e-7
299 298 1.9636e-8
306 298 1.62394e-7
362 298 8.65822e-12
235 299 1.56714e-13
291 299 1.85019e-8
298 299 1.9636e-8
299 299 -6.86804e-8
300 299 4.1457e-13
307 299 2.10268e-8
363 299 9.51519e-9
236 300 5.09537e-8
292 300 1.28554e-10
299 300 4.1457e-13
300 300 -1.34521e-7
301 300 4.75138e-8
308 300 6.62684e-9
364 300 2.92975e-8
237 301 1.97026e-8
293 301 2.42556e-8
300 301 4.75138e-8
301 301 -1.12503e-7
302 301 9.40097e-14
309 301 1.20534e-8
365 301 8.97737e-9
238 302 9.4324e-14
294 302 3.21022e-17
301 302 9.40097e-14
302 302 -6.3611e-8
303 302 2.99128e-13
310 302 2.97913e-8
366 302 3.38192e-8
239 303 7.28666e-9
295 303 2.94014e-8
302 303 2.99128e-13
303 303 -8.82706e-8
304 303 4.34073e-8
311 303 2.11085e-11
367 303 8.15388e-9
240 304 4.09362e-14
296 304 3.10117e-8
303 304 4.34073e-8
304 304 -1.32221e-7
312 304 2.75342e-8
368 304 3.0268e-8
241 305 4.5547e-8
297 305 4.54679e-12
305 305 -1.24777e-7
306 305 3.00403e-9
313 305 6.55476e-8
369 305 1.06736e-8
242 306 1.5131e-8
298 306 1.62394e-7
305 306 3.00403e-9
306 306 -2.67517e-7
307 306 3.07672e-8
314 306 2.73894e-8
370 306 2.88314e-8
243 307 7.47537e-9
299 307 2.10268e-8
306 307 3.07672e-8
307 307 -1.3093e-7
308 307 9.796e-9
315 307 3.08808e-8
371 307 3.09834e-8
244 308 3.16242e-8
300 308 6.62684e-9
307 308 9.796e-9
308 308 -1.10732e-7
309 308 2.64515e-8
316 308 1.25718e-12
372 308 3.62319e-8
245 309 1.14479e-8
301 309 1.20534e-8
308 309 2.64515e-8
309 309 -9.09442e-8
310 309 4.09407e-8
317 309 4.60369e-11
373 309 4.66848e-12
246 310 2.85779e-7
302 310 2.97913e-8
309 310 4.09407e-8
310 310 -4.80697e-7
311 310 3.0913e-8
318 310 2.75388e-8
374 310 6.57342e-8
247 311 2.76621e-8
303 311 2.11085e-11
310 311 3.0913e-8
311 311 -7.99962e-8
312 311 4.76543e-9
319 311 5.04927e-9
375 311 1.15853e-8
248 312 4.55123e-9
304 312 2.75342e-8
311 312 4.76543e-9
312 312 -6.29459e-8
320 312 1.23452e-10
376 312 2.59716e-8
249 313 3.38652e-8
305 313 6.55476e-8
313 313 -9.95196e-8
314 313 4.6944e-13
377 313 1.06279e-10
250 314 4.16814e-9
306 314 2.73894e-8
313 314 4.6944e-13
314 314 -3.7186e-7
315 314 3.11723e-7
378 314 2.85789e-8
251 315 2.70654e-8
307 315 3.08808e-8
314 315 3.11723e-7
315 315 -4.02672e-7
316 315 3.86453e-15
379 315 3.30032e-8
252 316 5.15689e-10
308 316 1.25718e-12
315 316 3.86453e-15
316 316 -5.03049e-8
317 316 3.82538e-8
380 316 1.15342e-8
253 317 2.08953e-7
309 317 4.60369e-11
316 317 3.82538e-8
317 317 -3.25502e-7
318 317 4.44822e-8
381 317 3.37674e-8
254 318 2.38746e-8
310 318 2.75388e-8
317 318 4.44822e-8
318 318 -1.7169e-7
319 318 3.01263e-8
382 318 4.56677e-8
255 319 2.7773e-8
311 319 5.04927e-9
318 319 3.01263e-8
319 319 -1.36864e-7
320 319 2.85801e-8
383 319 4.53352e-8
256 320 2.38803e-8
312 320 1.23452e-10
319 320 2.85801e-8
320 320 -5.31238e-8
384 320 5.39849e-10
257 321 2.09049e-8
321 321 -1.17372e-7
322 321 3.9884e-8
329 321 3.02984e-8
385 321 2.62843e-8
258 322 1.29804e-11
321 322 3.9884e-8
322 322 -1.13793e-7
323 322 3.10338e-8
330 322 3.11538e-8
386 322 1.17081e-8
259 323 1.99315e-8
322 323 3.10338e-8
323 323 -4.32072e-7
324 323 3.65318e-7
331 323 8.13047e-16
387 323 1.57882e-8
260 324 3.24534e-9
323 324 3.65318e-7
324 324 -4.32591e-7
325 324 2.83502e-13
332 324 4.31954e-8
388 324 2.08319e-8
261 325 2.72228e-8
324 325 2.83502e-13
325 325 -8.34559e-8
326 325 1.96753e-9
333 325 3.16721e-8
389 325 2.25932e-8
262 326 2.17238e-9
325 326 1.96753e-9
326 326 -8.18176e-8
327 326 3.72246e-8
334 326 3.22429e-8
390 326 8.21018e-9
263 327 2.78037e-8
326 327 3.72246e-8
327 327 -1.44421e-7
328 327 4.40851e-8
335 327 3.52764e-8
391 327 3.09834e-11
264 328 6.08508e-9
327 328 4.40851e-8
328 328 -8.66228e-8
336 328 3.09892e-8
392 328 5.46347e-9
265 329 3.12477e-10
321 329 3.02984e-8
329 329 -1.10545e-7
330 329 2.85582e-8
337 329 4.92359e-8
393 329 2.14013e-9
266 330 4.48903e-8
322 330 3.11538e-8
329 330 2.85582e-8
330 330 -2.21768e-7
331 330 9.8072e-8
338 330 1.90737e-8
394 330 2.0364e-11
267 331 2.75983e-8
323 331 8.13047e-16
330 331 9.8072e-8
331 331 -2.30098e-7
332 331 3.23599e-8
339 331 1.70029e-8
395 331 5.50648e-8
268 332 1.8042e-10
324 332 4.31954e-8
331 332 3.23599e-8
332 332 -1.14728e-7
333 332 1.62236e-16
340 332 2.82704e-8
396 332 1.07215e-8
269 333 6.01071e-13
325 333 3.16721e-8
332 333 1.62236e-16
333 333 -1.30447e-7
334 333 3.16699e-8
341 333 3.86357e-8
397 333 2.84687e-8
270 334 2.82759e-8
326 334 3.22429e-8
333 334 3.16699e-8
334 334 -1.63705e-7
335 334 4.58831e-8
342 334 1.61909e-8
398 334 9.44246e-9
271 335 3.08435e-8
327 335 3.52764e-8
334 335 4.58831e-8
335 335 -1.47782e-7
336 335 1.47212e-8
343 335 3.02153e-13
399 335 2.10579e-8
272 336 1.06559e-7
328 336 3.09892e-8
335 336 1.47212e-8
336 336 -2.10185e-7
344 336 3.12321e-8
400 336 2.66836e-8
273 337 4.13881e-17
329 337 4.92359e-8
337 337 -9.08801e-8
338 337 3.92159e-8
345 337 2.42135e-9
401 337 6.99639e-12
274 338 2.49532e-8
330 338 1.90737e-8
337 338 3.92159e-8
338 338 -1.88135e-7
339 338 2.02834e-8
346 338 4.20536e-8
402 338 4.2555e-8
275 339 3.70237e-8
331 339 1.70029e-8
338 339 2.02834e-8
339 339 -5.68595e-7
340 339 2.50365e-8
347 339 4.25143e-7
403 339 4.41059e-8
276 340 2.60479e-8
332 340 2.82704e-8
339 340 2.50365e-8
340 340 -8.02377e-8
341 340 7.99288e-10
348 340 4.37739e-13
404 340 8.31982e-11
277 341 7.97087e-9
333 341 3.86357e-8
340 341 7.99288e-10
341 341 -1.38012e-7
342 341 2.09583e-8
349 341 2.53354e-8
405 341 4.43128e-8
278 342 9.67693e-10
334 342 1.61909e-8
341 342 2.09583e-8
342 342 -6.72966e-8
343 342 1.81548e-8
350 342 1.10059e-8
406 342 1.90284e-11
279 343 5.63083e-9
335 343 3.02153e-13
342 343 1.81548e-8
343 343 -4.80348e-7
344 343 1.76337e-8
351 343 1.55838e-8
407 343 4.23344e-7
280 344 4.57161e-8
336 344 3.12321e-8
343 344 1.76337e-8
344 344 -1.01075e-7
352 344 6.49268e-9
408 344 1.90558e-17
281 345 3.56517e-10
337 345 2.42135e-9
345 345 -4.90681e-7
346 345 4.58914e-7
353 345 1.86315e-12
409 345 2.89867e-8
282 346 3.14481e-8
338 346 4.20536e-8
345 346 4.58914e-7
346 346 -6.86685e-7
347 346 9.57396e-8
354 346 2.7052e-8
410 346 3.14773e-8
283 347 2.65924e-8
339 347 4.25143e-7
346 347 9.57396e-8
347 347 -6.45331e-7
348 347 4.00486e-8
355 347 2.89556e-8
411 347 2.88516e-8
284 348 4.78944e-8
340 348 4.37739e-13
347 348 4.00486e-8
348 348 -1.70508e-7
349 348 1.0279e-8
356 348 4.41422e-8
412 348 2.81436e-8
285 349 1.0876e-8
341 349 2.53354e-8
348 349 1.0279e-8
349 349 -1.33906e-7
350 349 1.08667e-8
357 349 3.17448e-8
413 349 4.48038e-8
286 350 3.66393e-8
342 350 1.10059e-8
349 350 1.08667e-8
350 350 -1.35111e-7
351 350 2.007e-8
358 350 2.36157e-8
414 350 3.29136e-8
287 351 1.57999e-8
343 351 1.55838e-8
350 351 2.007e-8
351 351 -1.09944e-7
352 351 2.22281e-8
359 351 2.99597e-9
415 351 3.32665e-8
288 352 1.92202e-7
344 352 6.49268e-9
351 352 2.22281e-8
352 352 -2.49375e-7
360 352 3.87349e-13
416 352 2.84519e-8
289 353 1.38161e-8
345 353 1.86315e-12
353 353 -1.17691e-7
354 353 2.86016e-8
361 353 3.88961e-8
417 353 3.63755e-8
290 354 1.30349e-14
346 354 2.7052e-8
353 354 2.86016e-8
354 354 -1.02423e-7
355 354 1.24786e-8
362 354 1.07503e-8
418 354 2.35405e-8
291 355 4.49973e-8
347 355 2.89556e-8
354 355 1.24786e-8
355 355 -1.37961e-7
356 355 1.21051e-8
363 355 1.01058e-10
419 355 3.93234e-8
292 356 4.13012e-9
348 356 4.41422e-8
355 356 1.21051e-8
356 356 -1.38752e-7
357 356 2.61058e-8
364 356 3.18001e-8
420 356 2.04688e-8
293 357 4.08618e-8
349 357 3.17448e-8
356 357 2.61058e-8
357 357 -1.54678e-7
358 357 1.87824e-8
365 357 1.08718e-8
421 357 2.63111e-8
294 358 2.14647e-8
350 358 2.36157e-8
357 358 1.87824e-8
358 358 -1.23903e-7
359 358 4.01724e-9
366 358 3.17814e-8
422 358 2.42414e-8
295 359 1.77597e-8
351 359 2.99597e-9
358 359 4.01724e-9
359 359 -1.11816e-7
360 359 2.53176e-9
