gap_bc
hypersparse: 40 threads

threads =

    40    20


matrix: GAP/GAP-kron
load time: 316.621 sec

GAP/GAP-kron: nodes: 134.218 million  nvals: 4223.26 million
init time: 140.275 sec
  Name                  Size                         Bytes  Class     Attributes

  A             134217726x134217726            39083124570  GrB                 
  AT            134217726x134217726            39083124570  GrB                 
  ans                   1x1                              8  double              
  f                     1x245                         1960  double              
  i                     1x245                         1960  double              
  id                    1x12                            24  char                
  index                 1x1                        1411276  struct              
  k                     1x1                              8  double              
  matrices              5x1                            686  cell                
  n                     1x1                              8  double              
  name                  1x12                            24  char                
  sources              64x1                            512  double              
  t1                    1x1                              8  double              
  threads               1x2                             16  double              


gap_centrality  tests: 40 threads
sources: 2338013 31997660 23590941 43400605 
trial:  1 GrB centrality time:   52.119
sources: 75337938 169868 104041221 94177943 
trial:  2 GrB centrality time:   46.612
sources: 32871358 56230003 69883038 9346346 
trial:  3 GrB centrality time:   49.608
sources: 48915359 122571174 6183280 86323664 
trial:  4 GrB centrality time:   48.715
sources: 106725781 92389939 16210739 59816701 
trial:  5 GrB centrality time:   51.616
sources: 111669930 102831412 113384801 43872565 
trial:  6 GrB centrality time:   48.145
sources: 80508828 26105649 8807517 118452456 
trial:  7 GrB centrality time:   50.583
sources: 121818860 42361929 29493054 98461504 
trial:  8 GrB centrality time:   44.334
sources: 71931338 103808469 4092346 115276242 
trial:  9 GrB centrality time:   46.551
sources: 4649344 76656190 31312002 111334128 
trial: 10 GrB centrality time:   51.708
sources: 100962919 41823216 22631241 42848462 
trial: 11 GrB centrality time:   52.226
sources: 79485149 106818743 73347975 78848446 
trial: 12 GrB centrality time:   43.957
sources: 109920511 121492134 101037297 15438601 
trial: 13 GrB centrality time:   47.053
sources: 4584785 124503846 87241744 108297009 
trial: 14 GrB centrality time:   57.508
sources: 33955083 79934824 8608482 82435064 
trial: 15 GrB centrality time:   50.801
sources: 46579272 515422 121530468 127978737 
trial: 16 GrB centrality time:   48.648
avg GrB centrality time:      49.386 (16 trials)

gap_centrality  tests: 20 threads
sources: 2338013 31997660 23590941 43400605 
trial:  1 GrB centrality time:   86.168
sources: 75337938 169868 104041221 94177943 
trial:  2 GrB centrality time:   53.202
sources: 32871358 56230003 69883038 9346346 
trial:  3 GrB centrality time:   61.425
sources: 48915359 122571174 6183280 86323664 
trial:  4 GrB centrality time:   62.242
sources: 106725781 92389939 16210739 59816701 
trial:  5 GrB centrality time:   58.865
sources: 111669930 102831412 113384801 43872565 
trial:  6 GrB centrality time:   61.415
sources: 80508828 26105649 8807517 118452456 
trial:  7 GrB centrality time:   59.641
sources: 121818860 42361929 29493054 98461504 
trial:  8 GrB centrality time:   49.941
sources: 71931338 103808469 4092346 115276242 
trial:  9 GrB centrality time:   52.699
sources: 4649344 76656190 31312002 111334128 
trial: 10 GrB centrality time:   60.513
sources: 100962919 41823216 22631241 42848462 
trial: 11 GrB centrality time:   76.976
sources: 79485149 106818743 73347975 78848446 
trial: 12 GrB centrality time:   49.734
sources: 109920511 121492134 101037297 15438601 
trial: 13 GrB centrality time:   54.278
sources: 4584785 124503846 87241744 108297009 
trial: 14 GrB centrality time:   66.659
sources: 33955083 79934824 8608482 82435064 
trial: 15 GrB centrality time:   62.144
sources: 46579272 515422 121530468 127978737 
trial: 16 GrB centrality time:   59.253
avg GrB centrality time:      60.947 (16 trials)

matrix: GAP/GAP-urand
load time: 328.928 sec

GAP/GAP-urand: nodes: 134.218 million  nvals: 4294.97 million
init time: 178.27 sec
  Name                  Size                         Bytes  Class     Attributes

  A             134217728x134217728            39728443450  GrB                 
  AT            134217728x134217728            39728443450  GrB                 
  ans                   1x1                              8  double              
  f                     1x245                         1960  double              
  good                  1x27                            54  char                
  i                     1x245                         1960  double              
  id                    1x13                            26  char                
  index                 1x1                        1411276  struct              
  k                     1x1                              8  double              
  matrices              5x1                            686  cell                
  n                     1x1                              8  double              
  name                  1x13                            26  char                
  nthreads              1x1                              8  double              
  ntrials               1x1                              8  double              
  sources              64x1                            512  double              
  src                   4x1                             32  double              
  t                     1x1                              8  double              
  t1                    1x1                              8  double              
  threads               1x2                             16  double              
  tot                   1x1                              8  double              
  trial                 1x1                              8  double              
  tstart                1x1                              8  uint64              


gap_centrality  tests: 40 threads
sources: 27691420 121280315 2413432 37512114 
trial:  1 GrB centrality time:   74.947
sources: 38390878 56651038 128461249 33029843 
trial:  2 GrB centrality time:   75.263
sources: 71406329 117872828 24351939 15444520 
trial:  3 GrB centrality time:   73.808
sources: 127526282 112279429 13631650 110379303 
trial:  4 GrB centrality time:   73.097
sources: 44800624 77768194 175348 107397390 
trial:  5 GrB centrality time:   72.765
sources: 43457210 97215941 73575166 44449716 
trial:  6 GrB centrality time:   74.541
sources: 33931725 55526611 14422052 58043874 
trial:  7 GrB centrality time:   72.600
sources: 72137330 9647841 15940696 14209953 
trial:  8 GrB centrality time:   76.552
sources: 49020884 28901139 50493274 49150070 
trial:  9 GrB centrality time:   73.684
sources: 126525083 6382741 89108298 9239736 
trial: 10 GrB centrality time:   75.398
sources: 110168549 95370260 116653531 123410704 
trial: 11 GrB centrality time:   73.611
sources: 16733666 49030283 108545122 99095666 
trial: 12 GrB centrality time:   74.702
sources: 133850078 63499302 21541383 6230752 
trial: 13 GrB centrality time:   75.281
sources: 89077457 70392766 6670456 61746272 
trial: 14 GrB centrality time:   73.777
sources: 83349536 115272185 20129909 106148554 
trial: 15 GrB centrality time:   72.808
sources: 117042376 71431188 45287809 107702121 
trial: 16 GrB centrality time:   72.729
avg GrB centrality time:      74.098 (16 trials)

gap_centrality  tests: 20 threads
sources: 27691420 121280315 2413432 37512114 
trial:  1 GrB centrality time:   83.387
sources: 38390878 56651038 128461249 33029843 
