s( 1) = 0.0389219
s( 2) = 0.0559881
s( 3) = 0.0707503
s( 4) = 0.086031
s( 5) = 0.124995
s( 6) = 0.143169
s( 7) = 0.157844
s( 8) = 0.173326
s( 9) = 0.210903
s(10) = 0.230768
s(11) = 0.24303
s(12) = 0.257168
s(13) = 0.301237
s(14) = 0.312861
s(15) = 0.329629
s(16) = 0.344815
s(17) = 0.38373
s(18) = 0.397707
s(19) = 0.413937
s(20) = 0.43422
s(21) = 0.469949
s(22) = 0.486657
s(23) = 0.505984
s(24) = 0.516524
t(24) = 0
t( 1) = 0.0368662
t( 2) = 0.0503191
t( 3) = 0.0664898
t( 4) = 0.0853589
t( 5) = 0.119941
t( 6) = 0.132972
t( 7) = 0.155232
t( 8) = 0.166573
t( 9) = 0.206519
t(10) = 0.215858
t(11) = 0.237255
t(12) = 0.251555
t(13) = 0.287291
t(14) = 0.304144
t(15) = 0.316084
t(16) = 0.331996
t(17) = 0.369386
t(18) = 0.381886
t(19) = 0.398841
t(20) = 0.419524
t(21) = 0.454666
t(22) = 0.466057
t(23) = 0.489498
t(24) = 0.501645
