%TOOBIG list of matrices that are too big for dmperm
% Example:
%   toobig
% See also trav, td.

% Copyright 2006, Timothy A. Davis, University of Florida

toobig = [
979   374   928   853   852   356   761   368   973   895   805   849   932 ...
803   854   936   802   850   537   856   898   857   285   859   971   937 ...
914   858   980   896   806   538   863   369   938   860   940   941   942 ...
943   944   945   946   947   948   915   939   916 ] ;
