494 494 1666
1 1 2220.874
16 1 -9.960159
46 1 -8.196721
267 1 -4.051864
2 2 5.41067
4 2 -5.41067
3 3 13.57086
52 3 -5.665723
186 3 -7.905138
2 4 -5.41067
4 4 618.3968
8 4 -91.99632
120 4 -100
158 4 -294.1176
429 4 -53.50455
432 4 -73.36757
5 5 8
115 5 -8
6 6 5.251112
150 6 -1.526718
433 6 -3.724395
7 7 12.50981
18 7 -0.5
165 7 -2.619172
367 7 -3.603604
426 7 -5.787037
4 8 -91.99632
8 8 91.99632
9 9 10.2145
422 9 -10.2145
10 10 277.3766
205 10 -127.2265
277 10 -150.1501
11 11 79.80034
412 11 -50.30181
436 11 -29.49853
12 12 13.01557
13 12 -1.333333
14 12 -2.158429
16 12 -9.523809
12 13 -1.333333
13 13 1.333333
12 14 -2.158429
14 14 2.158429
15 15 7.012623
16 15 -7.012623
1 16 -9.960159
12 16 -9.523809
15 16 -7.012623
16 16 60.12576
17 16 -21.78649
19 16 -7.037297
57 16 -4.805382
16 17 -21.78649
17 17 100.1224
20 17 -17.60563
21 17 -17.60563
281 17 -14.30615
334 17 -28.81845
7 18 -0.5
18 18 0.5
16 19 -7.037297
19 19 7.037297
17 20 -17.60563
20 20 17.60563
17 21 -17.60563
21 21 17.60563
22 22 105.8066
23 22 -37.31343
140 22 -68.49315
22 23 -37.31343
23 23 238.1596
140 23 -81.96722
155 23 -108.6956
197 23 -10.1833
24 24 7.806402
25 24 -7.806402
24 25 -7.806402
25 25 25.04799
157 25 -4.741584
170 25 -12.5
26 26 72.58436
99 26 -42.37288
425 26 -30.21148
27 27 423.7288
28 27 -423.7288
27 28 -423.7288
28 28 1022.734
85 28 -3.767472
173 28 -595.2381
29 29 7.613696
307 29 -4.387889
316 29 -3.225806
30 30 5.428882
31 30 -5.428882
30 31 -5.428882
31 31 28.91268
182 31 -17.09402
186 31 -6.389777
32 32 16.37657
376 32 -5
444 32 -11.37656
33 33 106.1647
34 33 -62.1118
239 33 -44.05286
33 34 -62.1118
34 34 62.1118
35 35 13.60544
222 35 -13.60544
36 36 1122.904
325 36 -1111.111
419 36 -11.79245
37 37 208.5616
147 37 -8.561644
262 37 -200
38 38 19.28696
39 38 -11.04972
398 38 -8.237232
38 39 -11.04972
39 39 50.42981
40 39 -22.57336
281 39 -16.80672
39 40 -22.57336
40 40 107.3191
417 40 -84.74576
41 41 1125.308
47 41 -11.65501
328 41 -1111.111
413 41 -2.541942
42 42 40.63024
172 42 -34.8432
328 42 -5.787037
43 43 32.25806
175 43 -32.25806
44 44 50.45194
102 44 -11.99041
286 44 -38.46154
45 45 21.89011
174 45 -6.293266
203 45 -4.997501
264 45 -5.336179
285 45 -5.263158
1 46 -8.196721
46 46 14.95348
253 46 -6.756757
41 47 -11.65501
47 47 29.27953
153 47 -3.419973
285 47 -14.20455
48 48 1682.986
205 48 -114.0251
271 48 -1333.333
283 48 -180.1802
306 48 -55.44774
49 49 65.39337
50 49 -47.61905
114 49 -6.009615
455 49 -11.76471
49 50 -47.61905
50 50 168.4125
238 50 -111.1111
331 50 -5.076142
442 50 -4.606173
51 51 39.44635
82 51 -24.27184
409 51 -15.17451
3 52 -5.665723
52 52 10.485
397 52 -4.819277
53 53 89.16084
271 53 -37.87879
310 53 -51.28205
54 54 14.70295
162 54 -6.896552
406 54 -7.806402
55 55 40.84595
269 55 -21.97802
363 55 -18.86793
56 56 20.84468
124 56 -9.633911
224 56 -11.21076
16 57 -4.805382
57 57 19.21461
84 57 -14.40922
58 58 8.290816
59 58 -6.25
60 58 -2.040816
58 59 -6.25
59 59 63.99854
347 59 -13.88889
377 59 -43.85965
58 60 -2.040816
60 60 2.040816
61 61 25.70627
332 61 -18.18182
418 61 -7.524455
62 62 8.084074
438 62 -8.084074
63 63 17.00138
64 63 -0.6702413
89 63 -3.34113
190 63 -9.523809
394 63 -3.466204
63 64 -0.6702413
64 64 0.6702413
65 65 68.63511
66 65 -56.17978
428 65 -5.643341
436 65 -6.811989
65 66 -56.17978
66 66 56.17978
67 67 794.4359
69 67 -9.727627
70 67 -714.2858
71 67 -70.42253
68 68 63.74079
70 68 -23.4192
72 68 -15.07614
73 68 -10.75269
214 68 -14.49275
67 69 -9.727627
69 69 9.727627
67 70 -714.2858
68 70 -23.4192
70 70 898.1736
71 70 -64.10257
72 70 -8.467401
142 70 -49.62779
311 70 -15.01501
320 70 -23.25581
67 71 -70.42253
70 71 -64.10257
71 71 309.7514
74 71 -22.52252
75 71 -22.52252
76 71 -27.02703
91 71 -57.47126
353 71 -45.68296
68 72 -15.07614
70 72 -8.467401
72 72 44.65961
212 72 -8.291874
213 72 -8.4246
440 72 -2.173913
464 72 -2.225684
68 73 -10.75269
73 73 10.75269
71 74 -22.52252
74 74 22.52252
71 75 -22.52252
75 75 22.52252
71 76 -27.02703
76 76 27.02703
77 77 43.25696
78 77 -11.62791
187 77 -25.64103
264 77 -5.988024
77 78 -11.62791
78 78 14.95486
123 78 -1.324152
265 78 -2.002804
79 79 59.78359
80 79 -18.99335
214 79 -18.51852
421 79 -22.27172
79 80 -18.99335
80 80 76.98932
147 80 -9.765625
252 80 -3.332223
355 80 -9.661836
393 80 -33.33334
437 80 -1.90295
81 81 54.86513
396 81 -34.24657
457 81 -20.61856
51 82 -24.27184
82 82 130.6548
287 82 -106.383
83 83 8.651169
387 83 -4.88043
423 83 -3.770739
57 84 -14.40922
84 84 18.52954
173 84 -4.120313
28 85 -3.767472
85 85 318.4947
88 85 -294.1176
116 85 -14.02525
275 85 -3.544842
454 85 -3.039514
86 86 11.6144
88 86 -11.6144
87 87 55.87302
88 87 -40
236 87 -15.87302
85 88 -294.1176
86 88 -11.6144
87 88 -40
88 88 345.7321
63 89 -3.34113
89 89 8.151134
326 89 -4.810005
90 90 215.0901
91 90 -125
386 90 -90.0901
71 91 -57.47126
90 91 -125
91 91 295.4285
93 91 -38.75969
94 91 -38.91051
95 91 -11.53403
371 91 -23.75297
92 92 79.78151
95 92 -74.62687
387 92 -5.154639
91 93 -38.75969
93 93 38.75969
91 94 -38.91051
94 94 38.91051
91 95 -11.53403
92 95 -74.62687
95 95 94.05356
96 95 -7.89266
95 96 -7.89266
96 96 7.89266
97 97 17.55133
326 97 -10.79914
422 97 -6.752194
98 98 15.57329
150 98 -5.892752
156 98 -9.680542
26 99 -42.37288
99 99 76.27119
224 99 -33.8983
100 100 1230.337
158 100 -116.2791
220 100 -769.2308
391 100 -344.8276
101 101 26.04167
102 101 -26.04167
44 102 -11.99041
101 102 -26.04167
102 102 79.66989
178 102 -22.47191
233 102 -10
286 102 -9.165903
103 103 104.405
306 103 -55.6483
429 103 -48.75671
104 104 85.53579
105 104 -4.716981
191 104 -17.79359
257 104 -18.38235
263 104 -44.64286
104 105 -4.716981
105 105 4.716981
106 106 14.40922
255 106 -14.40922
107 107 41.13295
246 107 -20.08032
334 107 -21.05263
108 108 91.69453
191 108 -72.46377
380 108 -19.23077
109 109 9.784736
112 109 -9.784736
110 110 1.029866
112 110 -1.029866
111 111 2.164502
112 111 -2.164502
109 112 -9.784736
110 112 -1.029866
111 112 -2.164502
112 112 26.68996
123 112 -3.49284
179 112 -6.802721
298 112 -3.4153
113 113 140.1105
263 113 -36.76471
337 113 -37.31343
378 113 -46.94836
416 113 -19.08397
49 114 -6.009615
114 114 14.01044
115 114 -2.604167
285 114 -5.396654
5 115 -8
114 115 -2.604167
115 115 13.98483
354 115 -3.380663
85 116 -14.02525
116 116 32.24018
117 116 -18.21494
116 117 -18.21494
117 117 36.76781
119 117 -18.55288
118 118 29.75633
124 118 -19.08397
346 118 -10.67236
117 119 -18.55288
119 119 28.71548
346 119 -10.1626
4 120 -100
120 120 176.9231
429 120 -76.92307
121 121 16.94915
123 121 -16.94915
122 122 33.94196
123 122 -5.78369
187 122 -12.90323
264 122 -9.633911
297 122 -5.621135
78 123 -1.324152
112 123 -3.49284
121 123 -16.94915
122 123 -5.78369
123 123 38.08705
179 123 -7.518797
265 123 -3.018412
56 124 -9.633911
118 124 -19.08397
124 124 28.71788
125 125 3.294893
126 125 -3.294893
125 126 -3.294893
126 126 10.28301
385 126 -6.988121
127 127 39.10909
129 127 -19.84127
226 127 -19.26782
128 128 56.25283
225 128 -18.93939
438 128 -37.31343
127 129 -19.84127
129 129 19.84127
130 130 15.97444
141 130 -15.97444
131 131 15.97444
141 131 -15.97444
132 132 18.38235
141 132 -18.38235
133 133 62.1118
142 133 -62.1118
134 134 54.34782
143 134 -54.34782
135 135 22.57336
140 135 -22.57336
136 136 405.7852
141 136 -333.3333
142 136 -59.1716
144 136 -13.28021
137 137 444.0341
141 137 -370.3704
142 137 -60.24096
145 137 -13.42282
138 138 125.4902
199 138 -58.82352
340 138 -66.66667
139 139 13.56852
147 139 -13.56852
22 140 -68.49315
23 140 -81.96722
135 140 -22.57336
140 140 173.0337
130 141 -15.97444
131 141 -15.97444
132 141 -18.38235
136 141 -333.3333
137 141 -370.3704
141 141 754.0349
70 142 -49.62779
133 142 -62.1118
136 142 -59.1716
137 142 -60.24096
142 142 643.3154
143 142 -188.6792
473 142 -188.6792
478 142 -12.18027
487 142 -22.62444
134 143 -54.34782
142 143 -188.6792
143 143 274.5828
242 143 -31.55569
136 144 -13.28021
144 144 13.28021
137 145 -13.42282
145 145 13.42282
146 146 86.17574
183 146 -8.576329
245 146 -6.878052
339 146 -70.72136
37 147 -8.561644
80 147 -9.765625
139 147 -13.56852
147 147 31.89579
148 148 19.60784
434 148 -9.803922
443 148 -9.803922
149 149 36.06135
150 149 -20.60779
217 149 -15.45356
6 150 -1.526718
98 150 -5.892752
149 150 -20.60779
150 150 38.12827
397 150 -10.10101
151 151 52.86848
153 151 -5.371435
154 151 -2.452002
155 151 -45.04505
152 152 55.50949
153 152 -5.443658
154 152 -2.446783
155 152 -47.61905
47 153 -3.419973
151 153 -5.371435
152 153 -5.443658
153 153 29.86007
203 153 -15.625
151 154 -2.452002
152 154 -2.446783
154 154 4.898785
23 155 -108.6956
151 155 -45.04505
152 155 -47.61905
155 155 218.7209
241 155 -17.36111
98 156 -9.680542
156 156 10009.68
157 156 -10000
25 157 -4.741584
156 157 -10000
157 157 10004.74
4 158 -294.1176
100 158 -116.2791
158 158 410.3967
159 159 95.74279
160 159 -40.73468
183 159 -10.02305
248 159 -21.1685
388 159 -16.46362
392 159 -7.352941
159 160 -40.73468
160 160 202.015
369 160 -19.43635
399 160 -141.844
161 161 2.209945
410 161 -2.209945
54 162 -6.896552
162 162 8.668659
355 162 -1.772107
163 163 132.4126
167 163 -22.52252
246 163 -109.8901
164 164 1076.971
167 164 -999.9999
231 164 -15.59819
417 164 -27.35978
470 164 -34.0136
7 165 -2.619172
165 165 2.619172
166 166 11.86609
341 166 -8.071025
423 166 -3.795066
163 167 -22.52252
164 167 -999.9999
167 167 1022.522
168 168 66.80027
169 168 -66.80027
168 169 -66.80027
169 169 77.0499
344 169 -4.973145
400 169 -5.276488
25 170 -12.5
170 170 179.1667
325 170 -166.6667
171 171 76.92307
172 171 -76.92307
42 172 -34.8432
171 172 -76.92307
172 172 111.7663
28 173 -595.2381
84 173 -4.120313
173 173 618.791
202 173 -19.43257
45 174 -6.293266
174 174 41.11085
175 174 -9.242133
285 174 -25.57545
43 175 -32.25806
174 175 -9.242133
175 175 41.5002
176 176 3.67647
464 176 -3.67647
177 177 5.420054
226 177 -5.420054
102 178 -22.47191
178 178 36.94369
340 178 -14.47178
112 179 -6.802721
123 179 -7.518797
179 179 14.32152
180 180 14.64129
181 180 -14.64129
180 181 -14.64129
181 181 89.82926
233 181 -75.18797
31 182 -17.09402
182 182 17.09402
146 183 -8.576329
159 183 -10.02305
183 183 48.70115
184 183 -3.319943
185 183 -10.17605
248 183 -16.60578
183 184 -3.319943
184 184 3.319943
183 185 -10.17605
185 185 10.17605
3 186 -7.905138
31 186 -6.389777
186 186 14.29492
77 187 -25.64103
122 187 -12.90323
187 187 38.54425
188 188 4.097813
198 188 -2.428363
212 188 -1.669449
189 189 0.1703577
190 189 -0.1703577
63 190 -9.523809
189 190 -0.1703577
190 190 12.43916
401 190 -2.74499
104 191 -17.79359
108 191 -72.46377
191 191 209.3358
192 191 -8
195 191 -12.0149
196 191 -17.8444
374 191 -30.4878
380 191 -14.16832
416 191 -36.56307
191 192 -8
192 192 29.54783
193 192 -10.20096
194 192 -11.34687
192 193 -10.20096
193 193 10.20096
192 194 -11.34687
194 194 11.34687
191 195 -12.0149
195 195 12.0149
191 196 -17.8444
196 196 17.8444
23 197 -10.1833
197 197 28.49832
465 197 -18.31502
188 198 -2.428363
198 198 10.61167
201 198 -8.183307
138 199 -58.82352
199 199 101.3767
364 199 -42.55319
200 200 4.805382
280 200 -4.805382
198 201 -8.183307
201 201 8.183307
173 202 -19.43257
202 202 40.31376
247 202 -20.88119
45 203 -4.997501
153 203 -15.625
203 203 124.7892
297 203 -104.1667
204 204 1214.533
205 204 -1123.595
206 204 -5.758379
207 204 -85.17888
10 205 -127.2265
48 205 -114.0251
204 205 -1123.595
205 205 1543.608
208 205 -15.49871
283 205 -93.28358
357 205 -53.10675
369 205 -16.87194
204 206 -5.758379
206 206 5.758379
204 207 -85.17888
207 207 149.5704
278 207 -64.39149
205 208 -15.49871
208 208 21.77736
209 208 -6.278646
208 209 -6.278646
209 209 6.278646
210 210 8.795074
211 210 -8.795074
210 211 -8.795074
211 211 45.57015
457 211 -20.87683
465 211 -15.89825
72 212 -8.291874
188 212 -1.669449
212 212 9.961323
72 213 -8.4246
213 213 16.73715
444 213 -8.312551
68 214 -14.49275
79 214 -18.51852
214 214 33.01127
215 215 10.29473
390 215 -5.701254
440 215 -4.593477
216 216 243.9951
217 216 -181.8182
218 216 -11.41553
219 216 -50.76142
149 217 -15.45356
216 217 -181.8182
217 217 278.1384
277 217 -46.66356
286 217 -5.467469
429 217 -28.73563
216 218 -11.41553
218 218 11.41553
216 219 -50.76142
219 219 77.57108
235 219 -26.80965
100 220 -769.2308
220 220 978.0083
271 220 -59.52381
449 220 -149.2537
221 221 14.17527
367 221 -10.5042
464 221 -3.671072
35 222 -13.60544
222 222 24.75213
240 222 -3.99361
436 222 -7.153076
223 223 27.51414
345 223 -14.70588
398 223 -5.711022
407 223 -7.097232
56 224 -11.21076
99 224 -33.8983
224 224 74.144
377 224 -24.39024
454 224 -4.644682
128 225 -18.93939
225 225 238.1674
226 225 -200
282 225 -8.116883
377 225 -11.11111
127 226 -19.26782
177 226 -5.420054
225 226 -200
226 226 224.6879
227 227 15.2439
228 227 -15.2439
227 228 -15.2439
228 228 19.75858
420 228 -4.514673
229 229 36.49635
230 229 -36.49635
229 230 -36.49635
230 230 95.45416
315 230 -55.24862
436 230 -3.709199
164 231 -15.59819
231 231 100.6927
386 231 -19.30502
473 231 -65.78947
232 232 329.6231
233 232 -200
234 232 -11.97605
235 232 -117.647
102 233 -10
181 233 -75.18797
232 233 -200
233 233 285.188
232 234 -11.97605
234 234 11.97605
219 235 -26.80965
232 235 -117.647
235 235 144.4567
87 236 -15.87302
236 236 165.7238
301 236 -62.2084
399 236 -87.64242
237 237 82.18844
300 237 -58.00464
308 237 -24.1838
50 238 -111.1111
238 238 151.4337
294 238 -40.32258
33 239 -44.05286
239 239 48.51516
322 239 -4.462294
222 240 -3.99361
240 240 8.230898
422 240 -4.237288
155 241 -17.36111
241 241 26.75078
329 241 -9.389671
143 242 -31.55569
242 242 329.2194
258 242 -186.5672
431 242 -38.58025
480 242 -72.51631
243 243 28.62424
244 243 -27.17391
309 243 -1.450326
243 244 -27.17391
244 244 27.17391
146 245 -6.878052
245 245 36.9804
300 245 -30.10235
107 246 -20.08032
163 246 -109.8901
246 246 129.9704
202 247 -20.88119
247 247 99.00619
333 247 -78.125
159 248 -21.1685
183 248 -16.60578
248 248 45.48676
249 248 -7.712479
248 249 -7.712479
249 249 20007.71
250 249 -10000
251 249 -10000
249 250 -10000
250 250 10000
249 251 -10000
251 251 10000
80 252 -3.332223
252 252 10.84537
363 252 -7.513148
46 253 -6.756757
253 253 14.75676
256 253 -8
254 254 1.459854
256 254 -1.459854
106 255 -14.40922
255 255 103.4288
256 255 -40
385 255 -49.01961
253 256 -8
254 256 -1.459854
255 256 -40
256 256 49.45985
104 257 -18.38235
257 257 141.7923
266 257 -10.96732
336 257 -22.27172
402 257 -48.15409
427 257 -42.01681
242 258 -186.5672
258 258 545.1684
259 258 -90.7441
260 258 -90.009
261 258 -89.12656
431 258 -28.66151
466 258 -60.06006
258 259 -90.7441
259 259 90.7441
258 260 -90.009
260 260 90.009
258 261 -89.12656
261 261 89.12656
37 262 -200
262 262 204.9044
443 262 -4.904365
104 263 -44.64286
113 263 -36.76471
263 263 172.7262
336 263 -63.69427
378 263 -27.62431
45 264 -5.336179
77 264 -5.988024
122 264 -9.633911
264 264 26.7418
265 264 -5.78369
78 265 -2.002804
123 265 -3.018412
264 265 -5.78369
265 265 10.80491
257 266 -10.96732
266 266 10.96732
1 267 -4.051864
267 267 12.33001
407 267 -8.278146
268 268 6.802721
269 268 -6.802721
55 269 -21.97802
268 269 -6.802721
269 269 33.41466
422 269 -4.63392
270 270 146.1642
372 270 -72.25433
404 270 -73.90983
48 271 -1333.333
53 271 -37.87879
220 271 -59.52381
271 271 1493.041
272 271 -17.24138
310 271 -26.88172
377 271 -18.18182
271 272 -17.24138
272 272 43.92595
273 272 -13.31558
274 272 -13.36898
272 273 -13.31558
273 273 13.31558
272 274 -13.36898
274 274 13.36898
85 275 -3.544842
275 275 27.82097
345 275 -9.541985
375 275 -8.340283
407 275 -6.393862
276 276 12.32253
315 276 -4.677269
394 276 -7.64526
10 277 -150.1501
217 277 -46.66356
277 277 278.5131
432 277 -81.69935
207 278 -64.39149
278 278 273.0466
279 278 -86.20689
431 278 -104.1667
479 278 -18.28154
278 279 -86.20689
279 279 86.20689
200 280 -4.805382
280 280 15.75828
281 280 -10.9529
17 281 -14.30615
39 281 -16.80672
280 281 -10.9529
281 281 42.06578
225 282 -8.116883
282 282 8.116883
48 283 -180.1802
205 283 -93.28358
283 283 273.4638
284 284 39.02803
285 284 -3.49284
287 284 -18.08318
288 284 -17.45201
45 285 -5.263158
47 285 -14.20455
114 285 -5.396654
174 285 -25.57545
284 285 -3.49284
285 285 151.9719
289 285 -49.01961
290 285 -49.01961
44 286 -38.46154
102 286 -9.165903
217 286 -5.467469
286 286 65.02808
289 286 -5.966587
290 286 -5.966587
82 287 -106.383
284 287 -18.08318
287 287 124.4662
284 288 -17.45201
288 288 17.45201
285 289 -49.01961
286 289 -5.966587
289 289 59.06783
291 289 -4.081633
285 290 -49.01961
286 290 -5.966587
290 290 59.06783
292 290 -4.081633
289 291 -4.081633
291 291 4.081633
290 292 -4.081633
292 292 4.081633
293 293 10.79914
294 293 -10.79914
238 294 -40.32258
293 294 -10.79914
294 294 81.42474
419 294 -30.30303
295 295 39.0625
447 295 -39.0625
296 296 507.6858
297 296 -5.681818
298 296 -500
299 296 -2.004008
122 297 -5.621135
203 297 -104.1667
296 297 -5.681818
297 297 328.2356
456 297 -212.766
112 298 -3.4153
296 298 -500
298 298 503.4153
296 299 -2.004008
299 299 2.004008
237 300 -58.00464
245 300 -30.10235
300 300 100.9094
372 300 -12.80246
236 301 -62.2084
301 301 5112.385
302 301 -2000
304 301 -2000
306 301 -500
310 301 -500
323 301 -8.510638
429 301 -41.66667
301 302 -2000
302 302 2077.786
303 302 -11.56069
493 302 -66.22517
302 303 -11.56069
303 303 11.56069
301 304 -2000
304 304 2077.786
305 304 -11.56069
494 304 -66.22517
304 305 -11.56069
305 305 11.56069
48 306 -55.44774
103 306 -55.6483
301 306 -500
306 306 1166.652
310 306 -555.5555
29 307 -4.387889
307 307 17.59793
434 307 -13.21004
237 308 -24.1838
308 308 57.28542
373 308 -33.10162
243 309 -1.450326
309 309 46.6992
409 309 -45.24887
53 310 -51.28205
271 310 -26.88172
301 310 -500
306 310 -555.5555
310 310 2286.153
317 310 -370.3704
318 310 -370.3704
319 310 -370.3704
391 310 -41.32232
70 311 -15.01501
311 311 238.1108
317 311 -60.24096
318 311 -60.24096
319 311 -60.24096
320 311 -42.37288
312 312 13.42282
317 312 -13.42282
313 313 13.42282
318 313 -13.42282
314 314 13.42282
319 314 -13.42282
230 315 -55.24862
276 315 -4.677269
315 315 59.92588
29 316 -3.225806
316 316 9.660813
428 316 -6.435007
310 317 -370.3704
311 317 -60.24096
312 317 -13.42282
317 317 444.0341
310 318 -370.3704
311 318 -60.24096
313 318 -13.42282
318 318 444.0341
310 319 -370.3704
311 319 -60.24096
314 319 -13.42282
319 319 444.0341
70 320 -23.25581
311 320 -42.37288
320 320 69.47485
321 320 -3.846154
320 321 -3.846154
321 321 13.56433
401 321 -9.718173
239 322 -4.462294
322 322 16.51049
323 322 -12.04819
301 323 -8.510638
322 323 -12.04819
323 323 10029.63
340 323 -9.074409
435 323 -10000
324 324 18.18182
325 324 -18.18182
36 325 -1111.111
170 325 -166.6667
324 325 -18.18182
325 325 1295.959
89 326 -4.810005
97 326 -10.79914
326 326 15.60914
327 327 3.10559
328 327 -3.10559
41 328 -1111.111
42 328 -5.787037
327 328 -3.10559
328 328 1120.004
241 329 -9.389671
329 329 74.32474
396 329 -64.93507
330 330 4.587156
331 330 -4.587156
50 331 -5.076142
330 331 -4.587156
331 331 9.663299
61 332 -18.18182
332 332 23.8961
335 332 -5.714286
247 333 -78.125
333 333 92.80929
392 333 -14.68429
17 334 -28.81845
107 334 -21.05263
334 334 49.87108
332 335 -5.714286
335 335 12.23319
434 335 -6.518905
257 336 -22.27172
263 336 -63.69427
336 336 85.96599
113 337 -37.31343
337 337 81.9563
343 337 -44.64286
338 338 2.164502
394 338 -2.164502
146 339 -70.72136
339 339 74.33591
342 339 -3.614545
138 340 -66.66667
178 340 -14.47178
323 340 -9.074409
340 340 90.21286
166 341 -8.071025
341 341 10.46911
423 341 -2.398082
339 342 -3.614545
342 342 3.614545
337 343 -44.64286
343 343 63.83672
416 343 -19.19386
169 344 -4.973145
344 344 4.973145
223 345 -14.70588
275 345 -9.541985
345 345 90.85852
348 345 -3.620565
350 345 -12.03369
352 345 -29.06977
353 345 -21.88663
118 346 -10.67236
119 346 -10.1626
346 346 86.78369
347 346 -24.21308
349 346 -3.810976
351 346 -12.19512
353 346 -21.73913
375 346 -3.990423
59 347 -13.88889
346 347 -24.21308
347 347 38.10197
345 348 -3.620565
348 348 3.620565
346 349 -3.810976
349 349 3.810976
345 350 -12.03369
350 350 12.03369
346 351 -12.19512
351 351 12.19512
345 352 -29.06977
352 352 49.9031
395 352 -20.83333
71 353 -45.68296
345 353 -21.88663
346 353 -21.73913
353 353 10089.31
403 353 -10000
115 354 -3.380663
354 354 9.430269
420 354 -6.049607
80 355 -9.661836
162 355 -1.772107
355 355 11.43394
356 356 192.3077
385 356 -192.3077
205 357 -53.10675
357 357 141.2346
358 357 -15.78532
359 357 -7.358893
361 357 -7.873395
399 357 -57.11022
357 358 -15.78532
358 358 32.04844
360 358 -8.167265
362 358 -8.095855
357 359 -7.358893
359 359 7.358893
358 360 -8.167265
360 360 8.167265
357 361 -7.873395
361 361 7.873395
358 362 -8.095855
362 362 8.095855
55 363 -18.86793
252 363 -7.513148
363 363 26.38107
199 364 -42.55319
364 364 42.55319
365 365 21.23142
438 365 -21.23142
366 366 1.169727
367 366 -1.169727
7 367 -3.603604
221 367 -10.5042
366 367 -1.169727
367 367 30.37397
376 367 -3.522367
426 367 -11.57407
368 368 262.9839
369 368 -188.6792
370 368 -13.69863
371 368 -60.60606
160 369 -19.43635
205 369 -16.87194
368 369 -188.6792
369 369 277.7794
372 369 -26.30886
373 369 -26.48305
368 370 -13.69863
370 370 13.69863
91 371 -23.75297
368 371 -60.60606
371 371 84.35903
270 372 -72.25433
300 372 -12.80246
369 372 -26.30886
372 372 111.3657
308 373 -33.10162
369 373 -26.48305
373 373 108.6043
392 373 -49.01961
191 374 -30.4878
374 374 123.0804
408 374 -92.59259
275 375 -8.340283
346 375 -3.990423
375 375 12.33071
32 376 -5
367 376 -3.522367
376 376 8.522367
59 377 -43.85965
224 377 -24.39024
225 377 -11.11111
271 377 -18.18182
377 377 121.017
395 377 -23.47418
113 378 -46.94836
263 378 -27.62431
378 378 74.57267
379 379 127.6412
380 379 -35.21127
381 379 -84.03362
383 379 -8.396306
108 380 -19.23077
191 380 -14.16832
379 380 -35.21127
380 380 78.4239
384 380 -9.813543
379 381 -84.03362
381 381 249.7548
417 381 -153.8461
430 381 -11.87507
382 382 123.4568
384 382 -123.4568
379 383 -8.396306
383 383 8.396306
380 384 -9.813543
382 384 -123.4568
384 384 133.2703
126 385 -6.988121
255 385 -49.01961
356 385 -192.3077
385 385 248.3154
90 386 -90.0901
231 386 -19.30502
386 386 109.3951
83 387 -4.88043
92 387 -5.154639
387 387 10.03507
159 388 -16.46362
388 388 18.11291
389 388 -1.649294
388 389 -1.649294
389 389 1.649294
215 390 -5.701254
390 390 8.220146
439 390 -2.518892
100 391 -344.8276
310 391 -41.32232
391 391 386.1499
159 392 -7.352941
333 392 -14.68429
373 392 -49.01961
392 392 209.3694
404 392 -138.3126
80 393 -33.33334
393 393 38.33334
439 393 -5
63 394 -3.466204
276 394 -7.64526
338 394 -2.164502
394 394 13.27597
352 395 -20.83333
377 395 -23.47418
395 395 44.30751
81 396 -34.24657
329 396 -64.93507
396 396 133.2931
457 396 -10.58201
465 396 -23.52941
52 397 -4.819277
150 397 -10.10101
397 397 14.92029
38 398 -8.237232
223 398 -5.711022
398 398 13.94825
160 399 -141.844
236 399 -87.64242
357 399 -57.11022
399 399 286.5966
169 400 -5.276488
400 400 19.08864
442 400 -13.81215
190 401 -2.74499
321 401 -9.718173
401 401 12.46316
257 402 -48.15409
402 402 85.60728
403 402 -37.45319
353 403 -10000
402 403 -37.45319
403 403 10037.45
270 404 -73.90983
392 404 -138.3126
404 404 212.2224
405 405 4.235493
406 405 -4.235493
54 406 -7.806402
405 406 -4.235493
406 406 12.04189
223 407 -7.097232
267 407 -8.278146
275 407 -6.393862
407 407 21.76924
374 408 -92.59259
408 408 117.284
427 408 -24.69136
51 409 -15.17451
309 409 -45.24887
409 409 60.42338
161 410 -2.209945
410 410 12.37255
418 410 -10.1626
411 411 31.56566
412 411 -31.56566
11 412 -50.30181
411 412 -31.56566
412 412 83.28191
437 412 -1.414447
41 413 -2.541942
413 413 2.541942
414 414 119.8663
415 414 -8.333334
416 414 -34.0136
417 414 -77.51938
414 415 -8.333334
415 415 8.333334
113 416 -19.08397
191 416 -36.56307
343 416 -19.19386
414 416 -34.0136
416 416 108.8545
40 417 -84.74576
164 417 -27.35978
381 417 -153.8461
414 417 -77.51938
417 417 343.4711
61 418 -7.524455
410 418 -10.1626
418 418 17.68706
36 419 -11.79245
294 419 -30.30303
419 419 42.09548
228 420 -4.514673
354 420 -6.049607
420 420 19.04604
424 420 -8.481764
79 421 -22.27172
421 421 51.32293
422 421 -6.779501
435 421 -22.27172
9 422 -10.2145
97 422 -6.752194
240 422 -4.237288
269 422 -4.63392
421 422 -6.779501
422 422 32.61741
83 423 -3.770739
166 423 -3.795066
341 423 -2.398082
423 423 9.963887
420 424 -8.481764
424 424 8.481764
26 425 -30.21148
425 425 30.21148
7 426 -5.787037
367 426 -11.57407
426 426 17.36111
257 427 -42.01681
408 427 -24.69136
427 427 66.70817
65 428 -5.643341
316 428 -6.435007
428 428 12.07835
4 429 -53.50455
103 429 -48.75671
120 429 -76.92307
217 429 -28.73563
301 429 -41.66667
429 429 490.5505
431 429 -240.9639
381 430 -11.87507
430 430 91.87508
431 430 -80
242 431 -38.58025
258 431 -28.66151
278 431 -104.1667
429 431 -240.9639
430 431 -80
431 431 492.3723
4 432 -73.36757
277 432 -81.69935
432 432 155.0669
6 433 -3.724395
433 433 3.724395
148 434 -9.803922
307 434 -13.21004
335 434 -6.518905
434 434 39.50296
437 434 -9.97009
323 435 -10000
421 435 -22.27172
435 435 10032.62
436 435 -10.34485
11 436 -29.49853
65 436 -6.811989
222 436 -7.153076
230 436 -3.709199
435 436 -10.34485
436 436 57.51764
80 437 -1.90295
412 437 -1.414447
434 437 -9.97009
437 437 13.28749
62 438 -8.084074
128 438 -37.31343
365 438 -21.23142
438 438 66.62894
390 439 -2.518892
393 439 -5
439 439 7.518892
72 440 -2.173913
215 440 -4.593477
440 440 6.76739
441 441 7.757952
442 441 -7.757952
50 442 -4.606173
400 442 -13.81215
441 442 -7.757952
442 442 26.17628
148 443 -9.803922
262 443 -4.904365
443 443 14.70829
32 444 -11.37656
213 444 -8.312551
444 444 19.68912
445 445 69.85807
446 445 -27.24796
447 445 -26.45503
449 445 -16.15509
445 446 -27.24796
446 446 83.55183
450 446 -39.0625
455 446 -17.24138
295 447 -39.0625
445 447 -26.45503
447 447 82.7589
455 447 -17.24138
448 448 10000
450 448 -10000
220 449 -149.2537
445 449 -16.15509
449 449 185.1032
451 449 -6.622517
452 449 -6.535948
453 449 -6.535948
446 450 -39.0625
448 450 -10000
450 450 10039.06
449 451 -6.622517
451 451 6.622517
449 452 -6.535948
452 452 6.535948
449 453 -6.535948
453 453 6.535948
85 454 -3.039514
224 454 -4.644682
454 454 73.47367
455 454 -65.78947
49 455 -11.76471
446 455 -17.24138
447 455 -17.24138
454 455 -65.78947
455 455 112.0369
297 456 -212.766
456 456 10219.71
457 456 -6.944445
458 456 -10000
81 457 -20.61856
211 457 -20.87683
396 457 -10.58201
456 457 -6.944445
457 457 80.4968
459 457 -9.259259
460 457 -2.272727
461 457 -2.272727
462 457 -3.780719
463 457 -3.889537
456 458 -10000
458 458 10000
457 459 -9.259259
459 459 9.259259
457 460 -2.272727
460 460 2.272727
457 461 -2.272727
461 461 2.272727
457 462 -3.780719
462 462 3.780719
457 463 -3.889537
463 463 3.889537
72 464 -2.225684
176 464 -3.67647
221 464 -3.671072
464 464 9.573227
197 465 -18.31502
211 465 -15.89825
396 465 -23.52941
465 465 57.74268
258 466 -60.06006
466 466 6796.34
467 466 -69.61365
480 466 -6666.667
466 467 -69.61365
467 467 313.5161
481 467 -243.9024
468 468 78.33649
472 468 -68.02721
478 468 -10.30928
469 469 56.02891
473 469 -11.97605
478 469 -44.05286
164 470 -34.0136
470 470 69.98483
471 470 -35.97123
470 471 -35.97123
471 471 60.12582
472 471 -24.15459
468 472 -68.02721
471 472 -24.15459
472 472 92.18179
142 473 -188.6792
231 473 -65.78947
469 473 -11.97605
473 473 418.9939
474 473 -33.8983
475 473 -29.76191
476 473 -44.44444
477 473 -44.44444
473 474 -33.8983
474 474 33.8983
473 475 -29.76191
475 475 29.76191
473 476 -44.44444
476 476 44.44444
473 477 -44.44444
477 477 44.44444
142 478 -12.18027
468 478 -10.30928
469 478 -44.05286
478 478 66.54241
278 479 -18.28154
479 479 18.28154
242 480 -72.51631
466 480 -6666.667
480 480 6841.905
481 480 -32.05128
483 480 -70.67138
467 481 -243.9024
480 481 -32.05128
481 481 662.705
482 481 -265.6042
483 481 -32.25806
486 481 -88.88889
481 482 -265.6042
482 482 318.8808
486 482 -53.2765
480 483 -70.67138
481 483 -32.25806
483 483 204.9703
484 483 -51.02041
485 483 -51.02041
483 484 -51.02041
484 484 51.02041
483 485 -51.02041
485 485 51.02041
481 486 -88.88889
482 486 -53.2765
486 486 142.1654
142 487 -22.62444
487 487 22.62444
488 488 162.3038
490 488 -72.16785
493 488 -45.41326
494 488 -44.72272
489 489 64.79975
490 489 -44.05286
491 489 -20.74689
488 490 -72.16785
489 490 -44.05286
490 490 170.2748
492 490 -54.05405
489 491 -20.74689
491 491 20.74689
490 492 -54.05405
492 492 54.05405
302 493 -66.22517
488 493 -45.41326
493 493 111.6384
304 494 -66.22517
488 494 -44.72272
494 494 110.9479
