494 494 1666
1 1 2220.874000
16 1 -9.960159
46 1 -8.196721
267 1 -4.051864
2 2 5.410670
4 2 -5.410670
3 3 13.570860
52 3 -5.665723
186 3 -7.905138
2 4 -5.410670
4 4 618.396800
8 4 -91.996320
120 4 -100.000000
158 4 -294.117600
429 4 -53.504550
432 4 -73.367570
5 5 8.000000
115 5 -8.000000
6 6 5.251112
150 6 -1.526718
433 6 -3.724395
7 7 12.509810
18 7 -0.500000
165 7 -2.619172
367 7 -3.603604
426 7 -5.787037
4 8 -91.996320
8 8 91.996320
9 9 10.214500
422 9 -10.214500
10 10 277.376600
205 10 -127.226500
277 10 -150.150100
11 11 79.800340
412 11 -50.301810
436 11 -29.498530
12 12 13.015570
13 12 -1.333333
14 12 -2.158429
16 12 -9.523809
12 13 -1.333333
13 13 1.333333
12 14 -2.158429
14 14 2.158429
15 15 7.012623
16 15 -7.012623
1 16 -9.960159
12 16 -9.523809
15 16 -7.012623
16 16 60.125760
17 16 -21.786490
19 16 -7.037297
57 16 -4.805382
16 17 -21.786490
17 17 100.122400
20 17 -17.605630
21 17 -17.605630
281 17 -14.306150
334 17 -28.818450
7 18 -0.500000
18 18 0.500000
16 19 -7.037297
19 19 7.037297
17 20 -17.605630
20 20 17.605630
17 21 -17.605630
21 21 17.605630
22 22 105.806600
23 22 -37.313430
140 22 -68.493150
22 23 -37.313430
23 23 238.159600
140 23 -81.967220
155 23 -108.695600
197 23 -10.183300
24 24 7.806402
25 24 -7.806402
24 25 -7.806402
25 25 25.047990
157 25 -4.741584
170 25 -12.500000
26 26 72.584360
99 26 -42.372880
425 26 -30.211480
27 27 423.728800
28 27 -423.728800
27 28 -423.728800
28 28 1022.734000
85 28 -3.767472
173 28 -595.238100
29 29 7.613696
307 29 -4.387889
316 29 -3.225806
30 30 5.428882
31 30 -5.428882
30 31 -5.428882
31 31 28.912680
182 31 -17.094020
186 31 -6.389777
32 32 16.376570
376 32 -5.000000
444 32 -11.376560
33 33 106.164700
34 33 -62.111800
239 33 -44.052860
33 34 -62.111800
34 34 62.111800
35 35 13.605440
222 35 -13.605440
36 36 1122.904000
325 36 -1111.111000
419 36 -11.792450
37 37 208.561600
147 37 -8.561644
262 37 -200.000000
38 38 19.286960
39 38 -11.049720
398 38 -8.237232
38 39 -11.049720
39 39 50.429810
40 39 -22.573360
281 39 -16.806720
39 40 -22.573360
40 40 107.319100
417 40 -84.745760
41 41 1125.308000
47 41 -11.655010
328 41 -1111.111000
413 41 -2.541942
42 42 40.630240
172 42 -34.843200
328 42 -5.787037
43 43 32.258060
175 43 -32.258060
44 44 50.451940
102 44 -11.990410
286 44 -38.461540
45 45 21.890110
174 45 -6.293266
203 45 -4.997501
264 45 -5.336179
285 45 -5.263158
1 46 -8.196721
46 46 14.953480
253 46 -6.756757
41 47 -11.655010
47 47 29.279530
153 47 -3.419973
285 47 -14.204550
48 48 1682.986000
205 48 -114.025100
271 48 -1333.333000
283 48 -180.180200
306 48 -55.447740
49 49 65.393370
50 49 -47.619050
114 49 -6.009615
455 49 -11.764710
49 50 -47.619050
50 50 168.412500
238 50 -111.111100
331 50 -5.076142
442 50 -4.606173
51 51 39.446350
82 51 -24.271840
409 51 -15.174510
3 52 -5.665723
52 52 10.485000
397 52 -4.819277
53 53 89.160840
271 53 -37.878790
310 53 -51.282050
54 54 14.702950
162 54 -6.896552
406 54 -7.806402
55 55 40.845950
269 55 -21.978020
363 55 -18.867930
56 56 20.844680
124 56 -9.633911
224 56 -11.210760
16 57 -4.805382
57 57 19.214610
84 57 -14.409220
58 58 8.290816
59 58 -6.250000
60 58 -2.040816
58 59 -6.250000
59 59 63.998540
347 59 -13.888890
377 59 -43.859650
58 60 -2.040816
60 60 2.040816
61 61 25.706270
332 61 -18.181820
418 61 -7.524455
62 62 8.084074
438 62 -8.084074
63 63 17.001380
64 63 -0.670241
89 63 -3.341130
190 63 -9.523809
394 63 -3.466204
63 64 -0.670241
64 64 0.670241
65 65 68.635110
66 65 -56.179780
428 65 -5.643341
436 65 -6.811989
65 66 -56.179780
66 66 56.179780
67 67 794.435900
69 67 -9.727627
70 67 -714.285800
71 67 -70.422530
68 68 63.740790
70 68 -23.419200
72 68 -15.076140
73 68 -10.752690
214 68 -14.492750
67 69 -9.727627
69 69 9.727627
67 70 -714.285800
68 70 -23.419200
70 70 898.173600
71 70 -64.102570
72 70 -8.467401
142 70 -49.627790
311 70 -15.015010
320 70 -23.255810
67 71 -70.422530
70 71 -64.102570
71 71 309.751400
74 71 -22.522520
75 71 -22.522520
76 71 -27.027030
91 71 -57.471260
353 71 -45.682960
68 72 -15.076140
70 72 -8.467401
72 72 44.659610
212 72 -8.291874
213 72 -8.424600
440 72 -2.173913
464 72 -2.225684
68 73 -10.752690
73 73 10.752690
71 74 -22.522520
74 74 22.522520
71 75 -22.522520
75 75 22.522520
71 76 -27.027030
76 76 27.027030
77 77 43.256960
78 77 -11.627910
187 77 -25.641030
264 77 -5.988024
77 78 -11.627910
78 78 14.954860
123 78 -1.324152
265 78 -2.002804
79 79 59.783590
80 79 -18.993350
214 79 -18.518520
421 79 -22.271720
79 80 -18.993350
80 80 76.989320
147 80 -9.765625
252 80 -3.332223
355 80 -9.661836
393 80 -33.333340
437 80 -1.902950
81 81 54.865130
396 81 -34.246570
457 81 -20.618560
51 82 -24.271840
82 82 130.654800
287 82 -106.383000
83 83 8.651169
387 83 -4.880430
423 83 -3.770739
57 84 -14.409220
84 84 18.529540
173 84 -4.120313
28 85 -3.767472
85 85 318.494700
88 85 -294.117600
116 85 -14.025250
275 85 -3.544842
454 85 -3.039514
86 86 11.614400
88 86 -11.614400
87 87 55.873020
88 87 -40.000000
236 87 -15.873020
85 88 -294.117600
86 88 -11.614400
87 88 -40.000000
88 88 345.732100
63 89 -3.341130
89 89 8.151134
326 89 -4.810005
90 90 215.090100
91 90 -125.000000
386 90 -90.090100
71 91 -57.471260
90 91 -125.000000
91 91 295.428500
93 91 -38.759690
94 91 -38.910510
95 91 -11.534030
371 91 -23.752970
92 92 79.781510
95 92 -74.626870
387 92 -5.154639
91 93 -38.759690
93 93 38.759690
91 94 -38.910510
94 94 38.910510
91 95 -11.534030
92 95 -74.626870
95 95 94.053560
96 95 -7.892660
95 96 -7.892660
96 96 7.892660
97 97 17.551330
326 97 -10.799140
422 97 -6.752194
98 98 15.573290
150 98 -5.892752
156 98 -9.680542
26 99 -42.372880
99 99 76.271190
224 99 -33.898300
100 100 1230.337000
158 100 -116.279100
220 100 -769.230800
391 100 -344.827600
101 101 26.041670
102 101 -26.041670
44 102 -11.990410
101 102 -26.041670
102 102 79.669890
178 102 -22.471910
233 102 -10.000000
286 102 -9.165903
103 103 104.405000
306 103 -55.648300
429 103 -48.756710
104 104 85.535790
105 104 -4.716981
191 104 -17.793590
257 104 -18.382350
263 104 -44.642860
104 105 -4.716981
105 105 4.716981
106 106 14.409220
255 106 -14.409220
107 107 41.132950
246 107 -20.080320
334 107 -21.052630
108 108 91.694530
191 108 -72.463770
380 108 -19.230770
109 109 9.784736
112 109 -9.784736
110 110 1.029866
112 110 -1.029866
111 111 2.164502
112 111 -2.164502
109 112 -9.784736
110 112 -1.029866
111 112 -2.164502
112 112 26.689960
123 112 -3.492840
179 112 -6.802721
298 112 -3.415300
113 113 140.110500
263 113 -36.764710
337 113 -37.313430
378 113 -46.948360
416 113 -19.083970
49 114 -6.009615
114 114 14.010440
115 114 -2.604167
285 114 -5.396654
5 115 -8.000000
114 115 -2.604167
115 115 13.984830
354 115 -3.380663
85 116 -14.025250
116 116 32.240180
117 116 -18.214940
116 117 -18.214940
117 117 36.767810
119 117 -18.552880
118 118 29.756330
124 118 -19.083970
346 118 -10.672360
117 119 -18.552880
119 119 28.715480
346 119 -10.162600
4 120 -100.000000
120 120 176.923100
429 120 -76.923070
121 121 16.949150
123 121 -16.949150
122 122 33.941960
123 122 -5.783690
187 122 -12.903230
264 122 -9.633911
297 122 -5.621135
78 123 -1.324152
112 123 -3.492840
121 123 -16.949150
122 123 -5.783690
123 123 38.087050
179 123 -7.518797
265 123 -3.018412
56 124 -9.633911
118 124 -19.083970
124 124 28.717880
125 125 3.294893
126 125 -3.294893
125 126 -3.294893
126 126 10.283010
385 126 -6.988121
127 127 39.109090
129 127 -19.841270
226 127 -19.267820
128 128 56.252830
225 128 -18.939390
438 128 -37.313430
127 129 -19.841270
129 129 19.841270
130 130 15.974440
141 130 -15.974440
131 131 15.974440
141 131 -15.974440
132 132 18.382350
141 132 -18.382350
133 133 62.111800
142 133 -62.111800
134 134 54.347820
143 134 -54.347820
135 135 22.573360
140 135 -22.573360
136 136 405.785200
141 136 -333.333300
142 136 -59.171600
144 136 -13.280210
137 137 444.034100
141 137 -370.370400
142 137 -60.240960
145 137 -13.422820
138 138 125.490200
199 138 -58.823520
340 138 -66.666670
139 139 13.568520
147 139 -13.568520
22 140 -68.493150
23 140 -81.967220
135 140 -22.573360
140 140 173.033700
130 141 -15.974440
131 141 -15.974440
132 141 -18.382350
136 141 -333.333300
137 141 -370.370400
141 141 754.034900
70 142 -49.627790
133 142 -62.111800
136 142 -59.171600
137 142 -60.240960
142 142 643.315400
143 142 -188.679200
473 142 -188.679200
478 142 -12.180270
487 142 -22.624440
134 143 -54.347820
142 143 -188.679200
143 143 274.582800
242 143 -31.555690
136 144 -13.280210
144 144 13.280210
137 145 -13.422820
145 145 13.422820
146 146 86.175740
183 146 -8.576329
245 146 -6.878052
339 146 -70.721360
37 147 -8.561644
80 147 -9.765625
139 147 -13.568520
147 147 31.895790
148 148 19.607840
434 148 -9.803922
443 148 -9.803922
149 149 36.061350
150 149 -20.607790
217 149 -15.453560
6 150 -1.526718
98 150 -5.892752
149 150 -20.607790
150 150 38.128270
397 150 -10.101010
151 151 52.868480
153 151 -5.371435
154 151 -2.452002
155 151 -45.045050
152 152 55.509490
153 152 -5.443658
154 152 -2.446783
155 152 -47.619050
47 153 -3.419973
151 153 -5.371435
152 153 -5.443658
153 153 29.860070
203 153 -15.625000
151 154 -2.452002
152 154 -2.446783
154 154 4.898785
23 155 -108.695600
151 155 -45.045050
152 155 -47.619050
155 155 218.720900
241 155 -17.361110
98 156 -9.680542
156 156 10009.680000
157 156 -10000.000000
25 157 -4.741584
156 157 -10000.000000
157 157 10004.740000
4 158 -294.117600
100 158 -116.279100
158 158 410.396700
159 159 95.742790
160 159 -40.734680
183 159 -10.023050
248 159 -21.168500
388 159 -16.463620
392 159 -7.352941
159 160 -40.734680
160 160 202.015000
369 160 -19.436350
399 160 -141.844000
161 161 2.209945
410 161 -2.209945
54 162 -6.896552
162 162 8.668659
355 162 -1.772107
163 163 132.412600
167 163 -22.522520
246 163 -109.890100
164 164 1076.971000
167 164 -999.999900
231 164 -15.598190
417 164 -27.359780
470 164 -34.013600
7 165 -2.619172
165 165 2.619172
166 166 11.866090
341 166 -8.071025
423 166 -3.795066
163 167 -22.522520
164 167 -999.999900
167 167 1022.522000
168 168 66.800270
169 168 -66.800270
168 169 -66.800270
169 169 77.049900
344 169 -4.973145
400 169 -5.276488
25 170 -12.500000
170 170 179.166700
325 170 -166.666700
171 171 76.923070
172 171 -76.923070
42 172 -34.843200
171 172 -76.923070
172 172 111.766300
28 173 -595.238100
84 173 -4.120313
173 173 618.791000
202 173 -19.432570
45 174 -6.293266
174 174 41.110850
175 174 -9.242133
285 174 -25.575450
43 175 -32.258060
174 175 -9.242133
175 175 41.500200
176 176 3.676470
464 176 -3.676470
177 177 5.420054
226 177 -5.420054
102 178 -22.471910
178 178 36.943690
340 178 -14.471780
112 179 -6.802721
123 179 -7.518797
179 179 14.321520
180 180 14.641290
181 180 -14.641290
180 181 -14.641290
181 181 89.829260
233 181 -75.187970
31 182 -17.094020
182 182 17.094020
146 183 -8.576329
159 183 -10.023050
183 183 48.701150
184 183 -3.319943
185 183 -10.176050
248 183 -16.605780
183 184 -3.319943
184 184 3.319943
183 185 -10.176050
185 185 10.176050
3 186 -7.905138
31 186 -6.389777
186 186 14.294920
77 187 -25.641030
122 187 -12.903230
187 187 38.544250
188 188 4.097813
198 188 -2.428363
212 188 -1.669449
189 189 0.170358
190 189 -0.170358
63 190 -9.523809
189 190 -0.170358
190 190 12.439160
401 190 -2.744990
104 191 -17.793590
108 191 -72.463770
191 191 209.335800
192 191 -8.000000
195 191 -12.014900
196 191 -17.844400
374 191 -30.487800
380 191 -14.168320
416 191 -36.563070
191 192 -8.000000
192 192 29.547830
193 192 -10.200960
194 192 -11.346870
192 193 -10.200960
193 193 10.200960
192 194 -11.346870
194 194 11.346870
191 195 -12.014900
195 195 12.014900
191 196 -17.844400
196 196 17.844400
23 197 -10.183300
197 197 28.498320
465 197 -18.315020
188 198 -2.428363
198 198 10.611670
201 198 -8.183307
138 199 -58.823520
199 199 101.376700
364 199 -42.553190
200 200 4.805382
280 200 -4.805382
198 201 -8.183307
201 201 8.183307
173 202 -19.432570
202 202 40.313760
247 202 -20.881190
45 203 -4.997501
153 203 -15.625000
203 203 124.789200
297 203 -104.166700
204 204 1214.533000
205 204 -1123.595000
206 204 -5.758379
207 204 -85.178880
10 205 -127.226500
48 205 -114.025100
204 205 -1123.595000
205 205 1543.608000
208 205 -15.498710
283 205 -93.283580
357 205 -53.106750
369 205 -16.871940
204 206 -5.758379
206 206 5.758379
204 207 -85.178880
207 207 149.570400
278 207 -64.391490
205 208 -15.498710
208 208 21.777360
209 208 -6.278646
208 209 -6.278646
209 209 6.278646
210 210 8.795074
211 210 -8.795074
210 211 -8.795074
211 211 45.570150
457 211 -20.876830
465 211 -15.898250
72 212 -8.291874
188 212 -1.669449
212 212 9.961323
72 213 -8.424600
213 213 16.737150
444 213 -8.312551
68 214 -14.492750
79 214 -18.518520
214 214 33.011270
215 215 10.294730
390 215 -5.701254
440 215 -4.593477
216 216 243.995100
217 216 -181.818200
218 216 -11.415530
219 216 -50.761420
149 217 -15.453560
216 217 -181.818200
217 217 278.138400
277 217 -46.663560
286 217 -5.467469
429 217 -28.735630
216 218 -11.415530
218 218 11.415530
216 219 -50.761420
219 219 77.571080
235 219 -26.809650
100 220 -769.230800
220 220 978.008300
271 220 -59.523810
449 220 -149.253700
221 221 14.175270
367 221 -10.504200
464 221 -3.671072
35 222 -13.605440
222 222 24.752130
240 222 -3.993610
436 222 -7.153076
223 223 27.514140
345 223 -14.705880
398 223 -5.711022
407 223 -7.097232
56 224 -11.210760
99 224 -33.898300
224 224 74.144000
377 224 -24.390240
454 224 -4.644682
128 225 -18.939390
225 225 238.167400
226 225 -200.000000
282 225 -8.116883
377 225 -11.111110
127 226 -19.267820
177 226 -5.420054
225 226 -200.000000
226 226 224.687900
227 227 15.243900
228 227 -15.243900
227 228 -15.243900
228 228 19.758580
420 228 -4.514673
229 229 36.496350
230 229 -36.496350
229 230 -36.496350
230 230 95.454160
315 230 -55.248620
436 230 -3.709199
164 231 -15.598190
231 231 100.692700
386 231 -19.305020
473 231 -65.789470
232 232 329.623100
233 232 -200.000000
234 232 -11.976050
235 232 -117.647000
102 233 -10.000000
181 233 -75.187970
232 233 -200.000000
233 233 285.188000
232 234 -11.976050
234 234 11.976050
219 235 -26.809650
232 235 -117.647000
235 235 144.456700
87 236 -15.873020
236 236 165.723800
301 236 -62.208400
399 236 -87.642420
237 237 82.188440
300 237 -58.004640
308 237 -24.183800
50 238 -111.111100
238 238 151.433700
294 238 -40.322580
33 239 -44.052860
239 239 48.515160
322 239 -4.462294
222 240 -3.993610
240 240 8.230898
422 240 -4.237288
155 241 -17.361110
241 241 26.750780
329 241 -9.389671
143 242 -31.555690
242 242 329.219400
258 242 -186.567200
431 242 -38.580250
480 242 -72.516310
243 243 28.624240
244 243 -27.173910
309 243 -1.450326
243 244 -27.173910
244 244 27.173910
146 245 -6.878052
245 245 36.980400
300 245 -30.102350
107 246 -20.080320
163 246 -109.890100
246 246 129.970400
202 247 -20.881190
247 247 99.006190
333 247 -78.125000
159 248 -21.168500
183 248 -16.605780
248 248 45.486760
249 248 -7.712479
248 249 -7.712479
249 249 20007.710000
250 249 -10000.000000
251 249 -10000.000000
249 250 -10000.000000
250 250 10000.000000
249 251 -10000.000000
251 251 10000.000000
80 252 -3.332223
252 252 10.845370
363 252 -7.513148
46 253 -6.756757
253 253 14.756760
256 253 -8.000000
254 254 1.459854
256 254 -1.459854
106 255 -14.409220
255 255 103.428800
256 255 -40.000000
385 255 -49.019610
253 256 -8.000000
254 256 -1.459854
255 256 -40.000000
256 256 49.459850
104 257 -18.382350
257 257 141.792300
266 257 -10.967320
336 257 -22.271720
402 257 -48.154090
427 257 -42.016810
242 258 -186.567200
258 258 545.168400
259 258 -90.744100
260 258 -90.009000
261 258 -89.126560
431 258 -28.661510
466 258 -60.060060
258 259 -90.744100
259 259 90.744100
258 260 -90.009000
260 260 90.009000
258 261 -89.126560
261 261 89.126560
37 262 -200.000000
262 262 204.904400
443 262 -4.904365
104 263 -44.642860
113 263 -36.764710
263 263 172.726200
336 263 -63.694270
378 263 -27.624310
45 264 -5.336179
77 264 -5.988024
122 264 -9.633911
264 264 26.741800
265 264 -5.783690
78 265 -2.002804
123 265 -3.018412
264 265 -5.783690
265 265 10.804910
257 266 -10.967320
266 266 10.967320
1 267 -4.051864
267 267 12.330010
407 267 -8.278146
268 268 6.802721
269 268 -6.802721
55 269 -21.978020
268 269 -6.802721
269 269 33.414660
422 269 -4.633920
270 270 146.164200
372 270 -72.254330
404 270 -73.909830
48 271 -1333.333000
53 271 -37.878790
220 271 -59.523810
271 271 1493.041000
272 271 -17.241380
310 271 -26.881720
377 271 -18.181820
271 272 -17.241380
272 272 43.925950
273 272 -13.315580
274 272 -13.368980
272 273 -13.315580
273 273 13.315580
272 274 -13.368980
274 274 13.368980
85 275 -3.544842
275 275 27.820970
345 275 -9.541985
375 275 -8.340283
407 275 -6.393862
276 276 12.322530
315 276 -4.677269
394 276 -7.645260
10 277 -150.150100
217 277 -46.663560
277 277 278.513100
432 277 -81.699350
207 278 -64.391490
278 278 273.046600
279 278 -86.206890
431 278 -104.166700
479 278 -18.281540
278 279 -86.206890
279 279 86.206890
200 280 -4.805382
280 280 15.758280
281 280 -10.952900
17 281 -14.306150
39 281 -16.806720
280 281 -10.952900
281 281 42.065780
225 282 -8.116883
282 282 8.116883
48 283 -180.180200
205 283 -93.283580
283 283 273.463800
284 284 39.028030
285 284 -3.492840
287 284 -18.083180
288 284 -17.452010
45 285 -5.263158
47 285 -14.204550
114 285 -5.396654
174 285 -25.575450
284 285 -3.492840
285 285 151.971900
289 285 -49.019610
290 285 -49.019610
44 286 -38.461540
102 286 -9.165903
217 286 -5.467469
286 286 65.028080
289 286 -5.966587
290 286 -5.966587
82 287 -106.383000
284 287 -18.083180
287 287 124.466200
284 288 -17.452010
288 288 17.452010
285 289 -49.019610
286 289 -5.966587
289 289 59.067830
291 289 -4.081633
285 290 -49.019610
286 290 -5.966587
290 290 59.067830
292 290 -4.081633
289 291 -4.081633
291 291 4.081633
290 292 -4.081633
292 292 4.081633
293 293 10.799140
294 293 -10.799140
238 294 -40.322580
293 294 -10.799140
294 294 81.424740
419 294 -30.303030
295 295 39.062500
447 295 -39.062500
296 296 507.685800
297 296 -5.681818
298 296 -500.000000
299 296 -2.004008
122 297 -5.621135
203 297 -104.166700
296 297 -5.681818
297 297 328.235600
456 297 -212.766000
112 298 -3.415300
296 298 -500.000000
298 298 503.415300
296 299 -2.004008
299 299 2.004008
237 300 -58.004640
245 300 -30.102350
300 300 100.909400
372 300 -12.802460
236 301 -62.208400
301 301 5112.385000
302 301 -2000.000000
304 301 -2000.000000
306 301 -500.000000
310 301 -500.000000
323 301 -8.510638
429 301 -41.666670
301 302 -2000.000000
302 302 2077.786000
303 302 -11.560690
493 302 -66.225170
302 303 -11.560690
303 303 11.560690
301 304 -2000.000000
304 304 2077.786000
305 304 -11.560690
494 304 -66.225170
304 305 -11.560690
305 305 11.560690
48 306 -55.447740
103 306 -55.648300
301 306 -500.000000
306 306 1166.652000
310 306 -555.555500
29 307 -4.387889
307 307 17.597930
434 307 -13.210040
237 308 -24.183800
308 308 57.285420
373 308 -33.101620
243 309 -1.450326
309 309 46.699200
409 309 -45.248870
53 310 -51.282050
271 310 -26.881720
301 310 -500.000000
306 310 -555.555500
310 310 2286.153000
317 310 -370.370400
318 310 -370.370400
319 310 -370.370400
391 310 -41.322320
70 311 -15.015010
311 311 238.110800
317 311 -60.240960
318 311 -60.240960
319 311 -60.240960
320 311 -42.372880
312 312 13.422820
317 312 -13.422820
313 313 13.422820
318 313 -13.422820
314 314 13.422820
319 314 -13.422820
230 315 -55.248620
276 315 -4.677269
315 315 59.925880
29 316 -3.225806
316 316 9.660813
428 316 -6.435007
310 317 -370.370400
311 317 -60.240960
312 317 -13.422820
317 317 444.034100
310 318 -370.370400
311 318 -60.240960
313 318 -13.422820
318 318 444.034100
310 319 -370.370400
311 319 -60.240960
314 319 -13.422820
319 319 444.034100
70 320 -23.255810
311 320 -42.372880
320 320 69.474850
321 320 -3.846154
320 321 -3.846154
321 321 13.564330
401 321 -9.718173
239 322 -4.462294
322 322 16.510490
323 322 -12.048190
301 323 -8.510638
322 323 -12.048190
323 323 10029.630000
340 323 -9.074409
435 323 -10000.000000
324 324 18.181820
325 324 -18.181820
36 325 -1111.111000
170 325 -166.666700
324 325 -18.181820
325 325 1295.959000
89 326 -4.810005
97 326 -10.799140
326 326 15.609140
327 327 3.105590
328 327 -3.105590
41 328 -1111.111000
42 328 -5.787037
327 328 -3.105590
328 328 1120.004000
241 329 -9.389671
329 329 74.324740
396 329 -64.935070
330 330 4.587156
331 330 -4.587156
50 331 -5.076142
330 331 -4.587156
331 331 9.663299
61 332 -18.181820
332 332 23.896100
335 332 -5.714286
247 333 -78.125000
333 333 92.809290
392 333 -14.684290
17 334 -28.818450
107 334 -21.052630
334 334 49.871080
332 335 -5.714286
335 335 12.233190
434 335 -6.518905
257 336 -22.271720
263 336 -63.694270
336 336 85.965990
113 337 -37.313430
337 337 81.956300
343 337 -44.642860
338 338 2.164502
394 338 -2.164502
146 339 -70.721360
339 339 74.335910
342 339 -3.614545
138 340 -66.666670
178 340 -14.471780
323 340 -9.074409
340 340 90.212860
166 341 -8.071025
341 341 10.469110
423 341 -2.398082
339 342 -3.614545
342 342 3.614545
337 343 -44.642860
343 343 63.836720
416 343 -19.193860
169 344 -4.973145
344 344 4.973145
223 345 -14.705880
275 345 -9.541985
345 345 90.858520
348 345 -3.620565
350 345 -12.033690
352 345 -29.069770
353 345 -21.886630
118 346 -10.672360
119 346 -10.162600
346 346 86.783690
347 346 -24.213080
349 346 -3.810976
351 346 -12.195120
353 346 -21.739130
375 346 -3.990423
59 347 -13.888890
346 347 -24.213080
347 347 38.101970
345 348 -3.620565
348 348 3.620565
346 349 -3.810976
349 349 3.810976
345 350 -12.033690
350 350 12.033690
346 351 -12.195120
351 351 12.195120
345 352 -29.069770
352 352 49.903100
395 352 -20.833330
71 353 -45.682960
345 353 -21.886630
346 353 -21.739130
353 353 10089.310000
403 353 -10000.000000
115 354 -3.380663
354 354 9.430269
420 354 -6.049607
80 355 -9.661836
162 355 -1.772107
355 355 11.433940
356 356 192.307700
385 356 -192.307700
205 357 -53.106750
357 357 141.234600
358 357 -15.785320
359 357 -7.358893
361 357 -7.873395
399 357 -57.110220
357 358 -15.785320
358 358 32.048440
360 358 -8.167265
362 358 -8.095855
357 359 -7.358893
359 359 7.358893
358 360 -8.167265
360 360 8.167265
357 361 -7.873395
361 361 7.873395
358 362 -8.095855
362 362 8.095855
55 363 -18.867930
252 363 -7.513148
363 363 26.381070
199 364 -42.553190
364 364 42.553190
365 365 21.231420
438 365 -21.231420
366 366 1.169727
367 366 -1.169727
7 367 -3.603604
221 367 -10.504200
366 367 -1.169727
367 367 30.373970
376 367 -3.522367
426 367 -11.574070
368 368 262.983900
369 368 -188.679200
370 368 -13.698630
371 368 -60.606060
160 369 -19.436350
205 369 -16.871940
368 369 -188.679200
369 369 277.779400
372 369 -26.308860
373 369 -26.483050
368 370 -13.698630
370 370 13.698630
91 371 -23.752970
368 371 -60.606060
371 371 84.359030
270 372 -72.254330
300 372 -12.802460
369 372 -26.308860
372 372 111.365700
308 373 -33.101620
369 373 -26.483050
373 373 108.604300
392 373 -49.019610
191 374 -30.487800
374 374 123.080400
408 374 -92.592590
275 375 -8.340283
346 375 -3.990423
375 375 12.330710
32 376 -5.000000
367 376 -3.522367
376 376 8.522367
59 377 -43.859650
224 377 -24.390240
225 377 -11.111110
271 377 -18.181820
377 377 121.017000
395 377 -23.474180
113 378 -46.948360
263 378 -27.624310
378 378 74.572670
379 379 127.641200
380 379 -35.211270
381 379 -84.033620
383 379 -8.396306
108 380 -19.230770
191 380 -14.168320
379 380 -35.211270
380 380 78.423900
384 380 -9.813543
379 381 -84.033620
381 381 249.754800
417 381 -153.846100
430 381 -11.875070
382 382 123.456800
384 382 -123.456800
379 383 -8.396306
383 383 8.396306
380 384 -9.813543
382 384 -123.456800
384 384 133.270300
126 385 -6.988121
255 385 -49.019610
356 385 -192.307700
385 385 248.315400
90 386 -90.090100
231 386 -19.305020
386 386 109.395100
83 387 -4.880430
92 387 -5.154639
387 387 10.035070
159 388 -16.463620
388 388 18.112910
389 388 -1.649294
388 389 -1.649294
389 389 1.649294
215 390 -5.701254
390 390 8.220146
439 390 -2.518892
100 391 -344.827600
310 391 -41.322320
391 391 386.149900
159 392 -7.352941
333 392 -14.684290
373 392 -49.019610
392 392 209.369400
404 392 -138.312600
80 393 -33.333340
393 393 38.333340
439 393 -5.000000
63 394 -3.466204
276 394 -7.645260
338 394 -2.164502
394 394 13.275970
352 395 -20.833330
377 395 -23.474180
395 395 44.307510
81 396 -34.246570
329 396 -64.935070
396 396 133.293100
457 396 -10.582010
465 396 -23.529410
52 397 -4.819277
150 397 -10.101010
397 397 14.920290
38 398 -8.237232
223 398 -5.711022
398 398 13.948250
160 399 -141.844000
236 399 -87.642420
357 399 -57.110220
399 399 286.596600
169 400 -5.276488
400 400 19.088640
442 400 -13.812150
190 401 -2.744990
321 401 -9.718173
401 401 12.463160
257 402 -48.154090
402 402 85.607280
403 402 -37.453190
353 403 -10000.000000
402 403 -37.453190
403 403 10037.450000
270 404 -73.909830
392 404 -138.312600
404 404 212.222400
405 405 4.235493
406 405 -4.235493
54 406 -7.806402
405 406 -4.235493
406 406 12.041890
223 407 -7.097232
267 407 -8.278146
275 407 -6.393862
407 407 21.769240
374 408 -92.592590
408 408 117.284000
427 408 -24.691360
51 409 -15.174510
309 409 -45.248870
409 409 60.423380
161 410 -2.209945
410 410 12.372550
418 410 -10.162600
411 411 31.565660
412 411 -31.565660
11 412 -50.301810
411 412 -31.565660
412 412 83.281910
437 412 -1.414447
41 413 -2.541942
413 413 2.541942
414 414 119.866300
415 414 -8.333334
416 414 -34.013600
417 414 -77.519380
414 415 -8.333334
415 415 8.333334
113 416 -19.083970
191 416 -36.563070
343 416 -19.193860
414 416 -34.013600
416 416 108.854500
40 417 -84.745760
164 417 -27.359780
381 417 -153.846100
414 417 -77.519380
417 417 343.471100
61 418 -7.524455
410 418 -10.162600
418 418 17.687060
36 419 -11.792450
294 419 -30.303030
419 419 42.095480
228 420 -4.514673
354 420 -6.049607
420 420 19.046040
424 420 -8.481764
79 421 -22.271720
421 421 51.322930
422 421 -6.779501
435 421 -22.271720
9 422 -10.214500
97 422 -6.752194
240 422 -4.237288
269 422 -4.633920
421 422 -6.779501
422 422 32.617410
83 423 -3.770739
166 423 -3.795066
341 423 -2.398082
423 423 9.963887
420 424 -8.481764
424 424 8.481764
26 425 -30.211480
425 425 30.211480
7 426 -5.787037
367 426 -11.574070
426 426 17.361110
257 427 -42.016810
408 427 -24.691360
427 427 66.708170
65 428 -5.643341
316 428 -6.435007
428 428 12.078350
4 429 -53.504550
103 429 -48.756710
120 429 -76.923070
217 429 -28.735630
301 429 -41.666670
429 429 490.550500
431 429 -240.963900
381 430 -11.875070
430 430 91.875080
431 430 -80.000000
242 431 -38.580250
258 431 -28.661510
278 431 -104.166700
429 431 -240.963900
430 431 -80.000000
431 431 492.372300
4 432 -73.367570
277 432 -81.699350
432 432 155.066900
6 433 -3.724395
433 433 3.724395
148 434 -9.803922
307 434 -13.210040
335 434 -6.518905
434 434 39.502960
437 434 -9.970090
323 435 -10000.000000
421 435 -22.271720
435 435 10032.620000
436 435 -10.344850
11 436 -29.498530
65 436 -6.811989
222 436 -7.153076
230 436 -3.709199
435 436 -10.344850
436 436 57.517640
80 437 -1.902950
412 437 -1.414447
434 437 -9.970090
437 437 13.287490
62 438 -8.084074
128 438 -37.313430
365 438 -21.231420
438 438 66.628940
390 439 -2.518892
393 439 -5.000000
439 439 7.518892
72 440 -2.173913
215 440 -4.593477
440 440 6.767390
441 441 7.757952
442 441 -7.757952
50 442 -4.606173
400 442 -13.812150
441 442 -7.757952
442 442 26.176280
148 443 -9.803922
262 443 -4.904365
443 443 14.708290
32 444 -11.376560
213 444 -8.312551
444 444 19.689120
445 445 69.858070
446 445 -27.247960
447 445 -26.455030
449 445 -16.155090
445 446 -27.247960
446 446 83.551830
450 446 -39.062500
455 446 -17.241380
295 447 -39.062500
445 447 -26.455030
447 447 82.758900
455 447 -17.241380
448 448 10000.000000
450 448 -10000.000000
220 449 -149.253700
445 449 -16.155090
449 449 185.103200
451 449 -6.622517
452 449 -6.535948
453 449 -6.535948
446 450 -39.062500
448 450 -10000.000000
450 450 10039.060000
449 451 -6.622517
451 451 6.622517
449 452 -6.535948
452 452 6.535948
449 453 -6.535948
453 453 6.535948
85 454 -3.039514
224 454 -4.644682
454 454 73.473670
455 454 -65.789470
49 455 -11.764710
446 455 -17.241380
447 455 -17.241380
454 455 -65.789470
455 455 112.036900
297 456 -212.766000
456 456 10219.710000
457 456 -6.944445
458 456 -10000.000000
81 457 -20.618560
211 457 -20.876830
396 457 -10.582010
456 457 -6.944445
457 457 80.496800
459 457 -9.259259
460 457 -2.272727
461 457 -2.272727
462 457 -3.780719
463 457 -3.889537
456 458 -10000.000000
458 458 10000.000000
457 459 -9.259259
459 459 9.259259
457 460 -2.272727
460 460 2.272727
457 461 -2.272727
461 461 2.272727
457 462 -3.780719
462 462 3.780719
457 463 -3.889537
463 463 3.889537
72 464 -2.225684
176 464 -3.676470
221 464 -3.671072
464 464 9.573227
197 465 -18.315020
211 465 -15.898250
396 465 -23.529410
465 465 57.742680
258 466 -60.060060
466 466 6796.340000
467 466 -69.613650
480 466 -6666.667000
466 467 -69.613650
467 467 313.516100
481 467 -243.902400
468 468 78.336490
472 468 -68.027210
478 468 -10.309280
469 469 56.028910
473 469 -11.976050
478 469 -44.052860
164 470 -34.013600
470 470 69.984830
471 470 -35.971230
470 471 -35.971230
471 471 60.125820
472 471 -24.154590
468 472 -68.027210
471 472 -24.154590
472 472 92.181790
142 473 -188.679200
231 473 -65.789470
469 473 -11.976050
473 473 418.993900
474 473 -33.898300
475 473 -29.761910
476 473 -44.444440
477 473 -44.444440
473 474 -33.898300
474 474 33.898300
473 475 -29.761910
475 475 29.761910
473 476 -44.444440
476 476 44.444440
473 477 -44.444440
477 477 44.444440
142 478 -12.180270
468 478 -10.309280
469 478 -44.052860
478 478 66.542410
278 479 -18.281540
479 479 18.281540
242 480 -72.516310
466 480 -6666.667000
480 480 6841.905000
481 480 -32.051280
483 480 -70.671380
467 481 -243.902400
480 481 -32.051280
481 481 662.705000
482 481 -265.604200
483 481 -32.258060
486 481 -88.888890
481 482 -265.604200
482 482 318.880800
486 482 -53.276500
480 483 -70.671380
481 483 -32.258060
483 483 204.970300
484 483 -51.020410
485 483 -51.020410
483 484 -51.020410
484 484 51.020410
483 485 -51.020410
485 485 51.020410
481 486 -88.888890
482 486 -53.276500
486 486 142.165400
142 487 -22.624440
487 487 22.624440
488 488 162.303800
490 488 -72.167850
493 488 -45.413260
494 488 -44.722720
489 489 64.799750
490 489 -44.052860
491 489 -20.746890
488 490 -72.167850
489 490 -44.052860
490 490 170.274800
492 490 -54.054050
489 491 -20.746890
491 491 20.746890
490 492 -54.054050
492 492 54.054050
302 493 -66.225170
488 493 -45.413260
493 493 111.638400
304 494 -66.225170
488 494 -44.722720
494 494 110.947900