48 48 306
1 1 2.977568
2 1 -0.405002
8 1 0.156027
45 1 0.210025
48 1 1.206514
1 2 -0.405002
2 2 4.058510
3 2 0.216812
42 2 0.182615
43 2 0.638841
46 2 0.334952
48 2 1.280289
2 3 0.216812
3 3 2.124108
4 3 -0.080115
46 3 0.827181
3 4 -0.080115
4 4 3.031396
5 4 0.225935
37 4 0.586120
44 4 0.508613
46 4 0.630613
4 5 0.225935
5 5 2.107705
6 5 -0.076779
44 5 0.804992
5 6 -0.076779
6 6 3.078530
7 6 0.205580
41 6 0.712866
44 6 0.564706
47 6 0.518599
6 7 0.205580
7 7 2.094885
8 7 -0.068234
47 7 0.821071
1 8 0.156027
7 8 -0.068234
8 8 3.126347
35 8 0.648631
45 8 0.785688
47 8 0.467767
9 9 3.713649
10 9 0.080448
15 9 0.031980
18 9 0.576484
23 9 0.745579
30 9 0.652559
31 9 0.626599
9 10 0.080448
10 10 3.000242
11 10 0.277821
21 10 1.210132
23 10 0.431840
10 11 0.277821
11 11 4.943567
12 11 -0.342455
21 11 0.309926
24 11 0.729180
25 11 1.175784
27 11 1.108401
11 12 -0.342455
12 12 5.015323
13 12 0.382281
27 12 0.830750
34 12 0.126147
36 12 1.103006
38 12 1.230685
12 13 0.382281
13 13 2.840558
14 13 0.139618
19 13 0.405272
34 13 0.913387
13 14 0.139618
14 14 4.112784
15 14 0.564372
16 14 0.231253
17 14 0.686969
19 14 1.490573
9 15 0.031980
14 15 0.564372
15 15 3.090884
16 15 1.033551
18 15 0.460981
14 16 0.231253
15 16 1.033551
16 16 5.176547
17 16 1.431193
18 16 0.931275
20 16 0.549274
14 17 0.686969
16 17 1.431193
17 17 5.374872
19 17 0.680945
20 17 0.538425
22 17 1.037339
9 18 0.576484
15 18 0.460981
16 18 0.931275
18 18 4.713440
20 18 0.473941
31 18 0.694966
40 18 0.575795
13 19 0.405272
14 19 1.490573
17 19 0.680945
19 19 5.539172
22 19 0.776290
34 19 1.186091
16 20 0.549274
17 20 0.538425
18 20 0.473941
20 20 5.005990
22 20 0.434392
40 20 1.030750
42 20 0.197977
43 20 0.781231
10 21 1.210132
11 21 0.309926
21 21 4.962782
23 21 0.575195
24 21 1.128118
28 21 0.739411
17 22 1.037339
19 22 0.776290
20 22 0.434392
22 22 5.319452
34 22 0.340036
37 22 0.579572
43 22 0.462808
46 22 0.689014
9 23 0.745579
10 23 0.431840
21 23 0.575195
23 23 4.774714
28 23 0.928992
30 23 0.725312
33 23 0.367796
11 24 0.729180
21 24 1.128118
24 24 5.100276
25 24 0.727205
26 24 0.958298
28 24 0.557475
11 25 1.175784
24 25 0.727205
25 25 5.381007
26 25 0.822331
27 25 0.541164
29 25 1.114524
24 26 0.958298
25 26 0.822331
26 26 5.383416
28 26 0.746836
29 26 0.232295
35 26 0.301369
41 26 0.586612
47 26 0.735675
11 27 1.108401
12 27 0.830750
25 27 0.541164
27 27 5.419806
29 27 1.068270
38 27 0.871223
21 28 0.739411
23 28 0.928992
24 28 0.557475
26 28 0.746836
28 28 5.210912
33 28 0.469623
35 28 0.768575
25 29 1.114524
26 29 0.232295
27 29 1.068270
29 29 5.401751
38 29 0.587584
39 29 0.468280
41 29 0.930797
9 30 0.652559
23 30 0.725312
30 30 4.836357
31 30 1.060914
32 30 0.492282
33 30 0.905290
9 31 0.626599
18 31 0.694966
30 31 1.060914
31 31 4.778445
32 31 0.506239
40 31 0.889729
30 32 0.492282
31 32 0.506239
32 32 5.173274
33 32 0.988156
40 32 0.911091
42 32 0.667618
45 32 0.607887
23 33 0.367796
28 33 0.469623
30 33 0.905290
32 33 0.988156
33 33 5.162946
35 33 1.048019
45 33 0.384062
12 34 0.126147
13 34 0.913387
19 34 1.186091
22 34 0.340036
34 34 5.312636
36 34 1.009800
37 34 0.737174
8 35 0.648631
26 35 0.301369
28 35 0.768575
33 35 1.048019
35 35 5.257402
45 35 0.587907
47 35 0.902901
12 36 1.103006
34 36 1.009800
36 36 5.427940
37 36 0.751991
38 36 0.351124
39 36 1.212018
4 37 0.586120
22 37 0.579572
34 37 0.737174
36 37 0.751991
37 37 5.210871
39 37 0.292738
44 37 0.699639
46 37 0.563635
12 38 1.230685
27 38 0.871223
29 38 0.587584
36 38 0.351124
38 38 5.131964
39 38 1.091347
29 39 0.468280
36 39 1.212018
37 39 0.292738
38 39 1.091347
39 39 5.533580
41 39 0.587688
44 39 0.881508
18 40 0.575795
20 40 1.030750
31 40 0.889729
32 40 0.911091
40 40 5.095706
42 40 0.688341
6 41 0.712866
26 41 0.586612
29 41 0.930797
39 41 0.587688
41 41 5.133159
44 41 0.659520
47 41 0.655675
2 42 0.182615
20 42 0.197977
32 42 0.667618
40 42 0.688341
42 42 5.211102
43 42 1.175215
45 42 0.168889
48 42 1.130447
2 43 0.638841
20 43 0.781231
22 43 0.462808
42 43 1.175215
43 43 5.243415
46 43 1.185322
4 44 0.508613
5 44 0.804992
6 44 0.564706
37 44 0.699639
39 44 0.881508
41 44 0.659520
44 44 5.118978
1 45 0.210025
8 45 0.785688
32 45 0.607887
33 45 0.384062
35 45 0.587907
42 45 0.168889
45 45 5.095647
48 45 1.351190
2 46 0.334952
3 46 0.827181
4 46 0.630613
22 46 0.689014
37 46 0.563635
43 46 1.185322
46 46 5.230717
6 47 0.518599
7 47 0.821071
8 47 0.467767
26 47 0.735675
35 47 0.902901
41 47 0.655675
47 47 5.101689
1 48 1.206514
2 48 1.280289
42 48 1.130447
45 48 1.351190
48 48 5.968440
